1852 6480
1 174 -100
1 413 100
1 882 -100
1 940 -100
1 1470 100
1 1673 -100
1 1780 -100
2 575 -100
2 738 -100
2 842 100
2 890 -100
2 1022 -100
2 1251 -100
3 783 -100
3 842 100
3 911 -100
3 929 -100
3 1107 -100
4 7 -100
4 413 -44
4 908 -100
4 921 -100
4 1726 -100
5 224 -100
5 474 -100
5 658 -100
5 842 -44
5 1753 -100
6 65 -100
6 842 -44
6 1260 -100
6 1629 -100
6 1677 -100
7 226 -100
7 413 -44
7 1049 -100
7 1317 -100
8 558 -100
8 832 -100
8 842 100
8 1148 100
8 1451 -100
8 1841 -100
9 58 -100
9 322 -100
9 413 100
9 1646 -100
9 1717 -100
9 1722 -100
10 59 -100
10 699 -100
10 842 100
10 846 -100
10 960 -100
10 1133 -100
10 1136 -100
11 339 100
11 413 100
11 759 -100
11 1309 100
11 1397 -100
11 1424 -100
11 1662 -100
12 800 -100
12 842 -44
12 1501 -100
12 1512 -100
12 1715 -100
12 1756 -100
13 69 -100
13 708 -100
13 842 100
13 1415 -100
13 1751 -100
14 149 -100
14 413 -44
14 1132 -100
14 1323 -100
14 1657 -100
15 842 -44
15 1379 -100
15 1635 -100
15 1744 -100
15 1796 -100
16 452 -100
16 783 -100
16 842 -44
16 1396 -100
16 1517 -100
17 758 -100
17 842 -44
17 1070 -100
17 1171 -100
17 1284 -100
17 1306 -100
18 680 -100
18 842 -44
18 865 -100
18 1066 -100
18 1378 -100
18 1740 -100
19 842 100
19 884 -100
19 887 100
19 939 -100
19 1329 -100
19 1671 100
19 1777 -100
20 413 -44
20 528 -100
20 826 -100
20 1627 -100
20 1680 -100
21 268 -100
21 501 -100
21 842 100
21 932 -100
21 1080 -100
21 1421 -100
22 413 100
22 513 -100
22 791 -100
22 912 -100
22 1076 -100
23 201 -100
23 225 -100
23 395 -100
23 558 -100
23 842 -44
23 1064 -100
24 291 -100
24 842 -44
24 910 -100
24 1105 -100
24 1599 -100
25 239 -100
25 358 -100
25 413 100
25 571 -100
25 649 -100
25 717 -100
25 842 -44
25 1084 -100
25 1190 -100
25 1587 -100
25 1617 -100
25 1692 -100
26 382 -100
26 413 100
26 532 -100
26 577 -100
26 1220 -100
26 1735 -100
27 524 -100
27 547 -100
27 781 -100
27 842 100
27 1203 -100
27 1739 100
27 1819 -100
28 413 100
28 818 -100
28 1009 -100
28 1106 -100
28 1114 100
28 1160 -100
28 1843 -100
29 398 -100
29 842 -44
29 879 -100
29 918 -100
29 1846 -100
30 683 -100
30 842 -44
30 1398 -100
30 1476 -100
30 1765 -100
30 1817 -100
31 501 -100
31 740 -100
31 842 100
31 932 -100
31 1080 -100
31 1421 -100
32 553 -100
32 781 -100
32 842 100
32 1222 -100
32 1414 -100
32 1750 -100
33 220 100
33 842 100
33 871 -100
33 932 -100
33 1197 -100
33 1537 -100
34 151 -100
34 304 -100
34 313 -100
34 842 -44
34 1750 -100
35 331 -100
35 413 100
35 624 100
35 796 -100
35 875 100
35 1385 -100
35 1821 -100
36 470 -100
36 842 -44
36 1316 -100
36 1557 -100
36 1641 -100
37 413 -44
37 1137 -100
37 1543 -100
37 1561 -100
37 1755 -100
38 41 -100
38 663 -100
38 842 -44
38 1318 -100
38 1432 -100
39 207 -100
39 345 -100
39 842 -44
39 1272 -100
39 1337 -100
40 80 -100
40 282 -100
40 365 -100
40 413 -44
40 1419 -100
41 44 -100
41 123 -100
41 278 -100
41 413 100
41 734 -100
41 764 -100
41 842 -44
41 1157 -100
41 1354 -100
41 1441 -100
41 1554 -100
42 413 -44
42 578 -100
42 817 -100
42 1428 -100
42 1628 -100
43 446 -100
43 559 -100
43 842 -44
43 894 -100
43 1410 -100
44 109 -100
44 413 100
44 515 -100
44 1162 -100
44 1192 -100
44 1510 -100
45 58 100
45 380 -100
45 413 100
45 634 -100
45 1403 -100
45 1650 -100
45 1811 -100
46 270 -100
46 413 -44
46 470 -100
46 1069 -100
46 1444 -100
46 1568 -100
47 413 -44
47 1016 -100
47 1103 -100
47 1418 -100
47 1465 -100
47 1523 -100
48 223 -100
48 390 -100
48 808 -100
48 842 100
48 1404 -100
48 1480 -100
49 237 -100
49 265 -100
49 413 -44
49 866 -100
49 1201 -100
49 1479 -100
50 413 100
50 813 -100
50 1013 -100
50 1292 -100
50 1482 100
50 1552 -100
51 413 -44
51 419 -100
51 753 -100
51 853 -100
51 1797 -100
52 413 -44
52 536 -100
52 1276 -100
52 1483 -100
52 1747 -100
53 182 -100
53 413 -44
53 456 -100
53 809 -100
53 1102 -100
54 116 -100
54 332 -100
54 413 100
54 557 -100
54 1095 -100
54 1806 -100
55 398 -100
55 842 -44
55 879 -100
55 918 -100
55 1846 -100
56 842 100
56 1117 -100
56 1461 -100
56 1487 -100
56 1513 -100
56 1524 -100
57 413 -44
57 509 -100
57 1021 -100
57 1230 -100
57 1576 -100
58 157 -100
58 413 100
58 427 -100
58 710 -100
58 1207 100
59 531 -100
59 842 100
59 930 -100
59 1158 -100
59 1461 -100
59 1703 -100
60 71 -100
60 320 -100
60 480 -100
60 842 -44
61 842 -44
61 852 -100
61 988 -100
61 1039 -100
61 1489 -100
61 1579 -100
62 599 -100
62 842 100
62 1014 -100
62 1652 -100
62 1772 -100
63 401 -100
63 526 -100
63 842 100
63 1026 100
63 1427 -100
63 1671 -100
63 1763 -100
64 200 -100
64 328 -100
64 757 -100
64 775 -100
64 842 -44
64 1590 -100
65 109 -100
65 842 -44
65 1486 -100
65 1691 -100
66 413 100
66 818 -100
66 1106 -100
66 1160 -100
66 1182 -100
66 1843 -100
67 103 -100
67 337 -100
67 415 -100
67 544 -100
67 586 -100
67 842 -44
68 224 -100
68 474 -100
68 658 -100
68 842 -44
68 1753 -100
69 389 -100
69 803 -100
69 842 100
69 1135 -100
70 216 -100
70 282 -100
70 413 100
70 875 -100
70 1621 -100
71 294 -100
71 392 -100
71 413 -44
71 736 -100
71 842 -44
71 1255 -100
71 1440 -100
71 1648 -100
71 1683 -100
72 413 100
72 685 -100
72 959 -100
72 997 -100
72 1850 -100
73 711 -100
73 842 100
73 867 -100
73 925 -100
73 1494 -100
73 1551 -100
74 447 -100
74 842 -44
74 883 -100
74 1174 -100
74 1521 -100
74 1778 -100
75 119 -100
75 447 -100
75 842 -44
75 883 -100
75 1174 -100
75 1778 -100
76 347 -100
76 780 -100
76 842 -44
76 1494 -100
76 1727 -100
77 146 -100
77 413 -44
77 652 -100
77 998 -100
77 1570 -100
78 323 -100
78 413 100
78 814 -100
78 1345 -100
78 1365 -100
78 1764 -100
79 842 100
79 1117 -100
79 1233 -100
79 1461 -100
79 1487 -100
79 1513 -100
80 205 -100
80 413 -44
80 644 -100
80 1359 -100
80 1573 -100
81 186 -100
81 585 -100
81 842 -44
81 1135 -100
81 1668 -100
82 200 -100
82 274 -100
82 328 -100
82 757 -100
82 842 -44
82 1590 -100
83 413 -44
83 604 -100
83 1056 -100
83 1178 -100
83 1583 -100
84 675 -100
84 842 -44
84 964 -100
84 1435 -100
84 1792 -100
85 483 -100
85 750 -100
85 842 100
85 1124 -100
85 1154 100
85 1159 -100
85 1745 100
86 271 -100
86 413 -44
86 581 -100
86 1351 -100
86 1375 -100
87 413 -44
87 509 -100
87 1021 -100
87 1230 -100
87 1576 -100
87 1686 -100
88 281 -100
88 413 -44
88 423 -100
88 540 -100
88 914 -100
89 367 -100
89 613 -100
89 842 100
89 1065 -100
89 1135 -100
89 1468 -100
89 1704 -100
90 413 100
90 444 -100
90 704 -100
90 726 -100
90 1499 -100
90 1771 -100
91 165 -100
91 413 100
91 617 -100
91 667 -100
91 882 -100
91 1342 -100
92 397 -100
92 842 100
92 1460 -100
92 1626 -100
92 1696 -100
93 413 -44
93 607 -100
93 774 -100
93 1254 -100
93 1373 -100
94 349 -100
94 413 100
94 685 -100
94 959 -100
94 997 -100
94 1850 -100
95 385 -100
95 439 -100
95 619 -100
95 842 -44
95 1275 -100
95 1734 -100
96 156 -100
96 379 -100
96 782 -100
96 842 100
96 1358 -100
96 1462 -100
96 1773 -100
97 233 -100
97 413 100
97 545 100
97 825 -100
97 1762 -100
97 1764 -100
97 1813 -100
98 842 100
98 867 -100
98 1291 -100
98 1357 -100
99 201 -100
99 225 -100
99 395 -100
99 842 -44
99 1064 -100
99 1841 -100
100 413 -44
100 598 -100
100 824 -100
100 1116 -100
100 1326 -100
100 1408 -100
101 413 -44
101 571 -100
101 732 -100
101 742 -100
101 1355 -100
101 1807 -100
102 330 -100
102 508 -100
102 639 -100
102 842 100
102 1136 -100
102 1689 -100
103 158 -100
103 220 -100
103 842 100
103 996 -100
103 1109 -100
103 1181 100
104 671 -100
104 714 -100
104 842 -44
104 1639 -100
104 1836 -100
105 296 -100
105 413 -44
105 731 -100
105 1204 -100
105 1397 -100
105 1767 -100
106 298 -100
106 413 100
106 476 -100
106 556 -100
106 881 -100
106 1235 -100
106 1347 -100
107 402 -100
107 413 -44
107 1221 -100
107 1241 -100
107 1711 -100
108 413 -44
108 442 -100
108 922 -100
108 1082 -100
108 1175 -100
108 1395 -100
109 123 -100
109 278 -100
109 413 100
109 734 -100
109 842 -44
109 1260 -100
109 1288 -100
109 1629 -100
109 1677 -100
110 664 -100
110 730 -100
110 810 -100
110 842 100
110 867 100
110 1304 -100
110 1674 100
111 268 -100
111 651 -100
111 740 -100
111 743 -100
111 842 -44
112 373 -100
112 677 -100
112 842 100
112 843 -100
112 1404 -100
112 1688 -100
112 1737 -100
113 455 -100
113 664 -100
113 692 -100
113 793 -100
113 842 -44
113 1515 -100
114 413 -44
114 667 -100
114 1394 -100
114 1584 -100
114 1732 -100
115 375 -100
115 466 -100
115 842 100
115 1183 -100
115 1463 -100
115 1580 -100
115 1594 -100
116 199 -100
116 269 -100
116 413 100
116 1043 100
116 1541 -100
116 1571 -100
117 413 -44
117 670 -100
117 726 -100
117 1052 -100
117 1606 -100
118 384 -100
118 725 -100
118 842 -44
118 1553 -100
119 673 -100
119 842 100
119 1090 -100
119 1225 -100
119 1475 -100
120 413 100
120 588 -100
120 746 -100
120 1002 -100
120 1552 -100
120 1815 -100
121 413 -44
121 475 -100
121 487 -100
121 906 -100
121 978 -100
121 1110 -100
122 247 -100
122 318 -100
122 842 -44
122 984 -100
122 1158 -100
122 1790 -100
123 129 -100
123 175 -100
123 413 100
123 1192 -100
123 1510 -100
124 221 -100
124 377 -100
124 842 100
124 1337 -100
124 1358 -100
124 1758 -100
125 254 -100
125 413 100
125 654 -100
125 820 -100
125 1399 -100
125 1749 -100
126 573 -100
126 830 -100
126 842 100
126 1128 -100
126 1149 -100
126 1723 -100
126 1835 -100
127 149 -100
127 413 -44
127 1132 -100
127 1323 -100
127 1657 -100
128 413 -44
128 1137 -100
128 1543 -100
128 1561 -100
128 1755 -100
129 308 -100
129 334 -100
129 413 100
129 770 -100
129 1268 -100
129 1760 -100
130 193 -100
130 215 -100
130 396 -100
130 413 100
130 541 -100
130 877 -100
131 195 -100
131 276 -100
131 842 -44
131 1426 -100
131 1527 -100
131 1685 -100
132 499 -100
132 842 100
132 886 -100
132 1491 -100
132 1741 -100
132 1846 -100
133 148 -100
133 413 -44
133 973 -100
133 1085 -100
133 1094 -100
133 1429 -100
134 413 100
134 481 -100
134 1234 -100
134 1310 100
134 1349 -100
134 1504 -100
134 1675 100
135 388 -100
135 494 -100
135 550 -100
135 842 100
135 1642 -100
135 1694 -100
136 235 -100
136 327 -100
136 536 -100
136 703 -100
136 744 -100
136 842 -44
137 495 -100
137 748 -100
137 842 -44
137 898 -100
137 1274 -100
137 1852 -100
138 413 100
138 861 -100
138 877 -100
138 1152 -100
138 1469 -100
138 1482 -100
138 1816 -100
139 295 -100
139 842 -44
139 852 -100
139 1039 -100
139 1489 -100
139 1579 -100
140 413 -44
140 687 -100
140 1300 -100
140 1632 -100
141 784 -100
141 842 -44
141 1061 -100
141 1333 -100
141 1684 -100
142 842 -44
142 848 -100
142 1099 -100
142 1804 -100
143 311 -100
143 842 100
143 1212 -100
143 1458 -100
143 1681 -100
144 609 -100
144 618 100
144 842 100
144 846 -100
144 1306 -100
144 1616 -100
144 1633 -100
145 201 -100
145 225 -100
145 395 -100
145 842 -44
145 1064 -100
145 1451 -100
146 413 -44
146 445 -100
146 1003 -100
146 1411 -100
146 1742 -100
147 392 -100
147 413 100
147 881 -100
147 941 -100
147 986 -100
147 993 -100
147 1283 -100
148 413 -44
148 625 -100
148 873 -100
148 1387 -100
149 253 -100
149 348 -100
149 413 -44
149 1716 -100
150 413 -44
150 943 -100
150 1072 -100
150 1785 -100
151 767 -100
151 842 -44
151 847 -100
151 916 -100
152 200 -100
152 328 -100
152 629 -100
152 757 -100
152 842 -44
152 1590 -100
153 413 100
153 999 -100
153 1254 -100
153 1307 -100
153 1546 -100
154 314 -100
154 424 -100
154 716 -100
154 754 -100
154 842 100
154 1122 -100
155 413 -44
155 607 -100
155 774 -100
155 1254 -100
155 1373 -100
156 317 -100
156 469 100
156 842 100
156 1370 -100
156 1567 -100
156 1569 -100
157 322 -100
157 413 100
157 876 -100
157 1646 -100
157 1722 -100
158 190 -100
158 772 -100
158 842 100
158 1034 -100
159 483 -100
159 750 -100
159 842 100
159 1124 -100
159 1159 -100
159 1229 100
159 1620 100
160 244 -100
160 305 -100
160 353 -100
160 413 100
160 582 -100
160 1826 -100
161 349 -100
161 413 -44
161 968 -100
161 1718 -100
162 413 100
162 441 -100
162 519 -100
162 557 -100
162 656 -100
162 1111 -100
162 1338 -100
163 229 -100
163 413 100
163 537 -100
163 1307 100
163 1391 100
163 1686 -100
164 413 -44
164 552 -100
164 638 -100
164 1288 -100
164 1554 -100
165 413 100
165 659 -100
165 1032 -100
165 1212 -100
165 1413 -100
165 1693 -100
166 443 -100
166 842 -44
166 1068 -100
166 1129 -100
166 1802 -100
167 231 -100
167 550 -100
167 563 -100
167 842 -44
167 1279 -100
168 187 -100
168 350 -100
168 413 100
168 1081 -100
168 1125 -100
168 1243 100
169 413 100
169 952 -100
169 1076 100
169 1549 -100
169 1690 -100
169 1782 100
169 1797 -100
170 354 -100
170 413 -44
170 440 -100
170 856 -100
170 1794 -100
171 187 -100
171 333 -100
171 413 100
171 624 -100
171 1004 -100
171 1572 100
171 1810 -100
172 530 -100
172 842 -44
172 1305 -100
172 1603 -100
172 1706 -100
173 800 -100
173 842 -44
173 907 -100
173 1501 -100
173 1512 -100
173 1756 -100
174 358 -100
174 413 100
174 649 -100
174 653 -100
174 737 -100
174 842 -44
174 1015 -100
174 1277 -100
174 1413 -100
174 1617 -100
174 1692 -100
175 405 -100
175 413 100
175 1453 -100
175 1472 -100
175 1608 -100
175 1638 -100
176 252 -100
176 842 100
176 951 -100
176 1186 100
176 1229 -100
176 1745 -100
176 1784 100
177 530 -100
177 739 -100
177 842 -44
177 1603 -100
177 1706 -100
178 254 -100
178 413 100
178 721 -100
178 820 -100
178 1399 -100
178 1749 -100
179 398 -100
179 499 -100
179 842 100
179 886 -100
179 1491 -100
179 1741 -100
180 413 -44
180 892 -100
180 1061 -100
180 1104 -100
180 1614 -100
180 1656 -100
181 206 -100
181 508 -100
181 842 -44
181 1334 -100
181 1829 -100
182 413 -44
182 414 -100
182 514 -100
182 1380 -100
182 1698 -100
183 413 100
183 607 -100
183 999 -100
183 1307 -100
183 1546 -100
184 255 -100
184 361 -100
184 413 -44
184 709 -100
184 859 -100
185 224 -100
185 474 -100
185 658 -100
185 842 -44
185 1753 -100
186 837 -100
186 842 -44
186 868 -100
187 413 100
187 498 -100
187 1138 -100
187 1155 -100
187 1372 -100
188 420 -100
188 762 100
188 842 100
188 926 -100
188 1166 100
188 1289 -100
188 1520 -100
189 190 100
189 661 -100
189 674 -100
189 683 -100
189 842 100
189 1010 -100
189 1222 -100
190 220 -100
190 521 -100
190 842 100
190 996 -100
190 1109 -100
191 264 -100
191 413 -44
191 718 -100
191 946 -100
191 1170 -100
191 1526 -100
192 661 -100
192 842 -44
192 1398 -100
192 1476 -100
192 1765 -100
192 1817 -100
193 413 100
193 491 -100
193 1324 -100
193 1330 -100
193 1374 -100
193 1834 -100
194 842 -44
194 955 -100
194 1245 -100
194 1462 -100
194 1598 -100
194 1622 -100
195 482 -100
195 564 -100
195 636 -100
195 762 -100
195 842 100
196 842 100
196 1291 -100
196 1357 -100
196 1509 -100
196 1551 -100
197 291 -100
197 842 -44
197 910 -100
197 1105 -100
197 1599 -100
198 413 100
198 499 -100
198 842 100
198 886 -100
198 918 -100
198 999 -100
198 1307 -100
198 1373 -100
198 1491 -100
198 1546 -100
198 1741 -100
199 332 -100
199 413 100
199 557 -100
199 1637 -100
199 1806 -100
200 665 -100
200 842 -44
201 842 -44
201 1139 -100
202 413 -44
202 419 -100
202 753 -100
202 853 -100
202 1690 -100
203 413 -44
203 470 -100
203 1069 -100
203 1444 -100
203 1568 -100
204 211 -100
204 555 -100
204 815 -100
204 842 100
204 1748 -100
204 1784 -100
205 216 -100
205 413 100
205 875 -100
205 1621 -100
206 302 -100
206 842 -44
206 1046 -100
206 1119 -100
207 477 -100
207 589 -100
207 842 -44
207 1532 -100
208 413 100
208 668 -100
208 963 -100
208 1247 -100
208 1363 -100
208 1534 -100
208 1840 -100
209 842 -44
209 909 -100
209 1315 -100
209 1719 -100
209 1827 -100
210 252 -100
210 815 100
210 842 100
210 951 -100
210 1229 -100
210 1640 100
210 1745 -100
211 327 -100
211 536 -100
211 703 -100
211 744 -100
211 842 -44
212 675 -100
212 842 -44
212 964 -100
212 1435 -100
212 1792 -100
213 413 100
213 813 -100
213 1013 -100
213 1292 -100
213 1815 -100
213 1816 100
214 269 -100
214 413 -44
214 426 -100
214 852 -100
214 1434 -100
214 1607 -100
215 292 -100
215 413 100
215 488 -100
215 491 -100
215 1324 -100
215 1374 -100
216 413 100
216 422 -100
216 425 100
216 645 -100
216 1507 100
217 454 -100
217 627 -100
217 842 -44
217 1595 -100
217 1738 -100
217 1824 -100
218 389 -100
218 613 -100
218 842 100
218 1065 -100
218 1285 -100
218 1468 -100
218 1704 -100
219 413 100
219 432 -100
219 490 -100
219 641 100
219 1085 -100
219 1672 -100
219 1837 -100
220 772 -100
220 842 100
220 1034 -100
221 283 -100
221 842 100
221 907 -100
221 1250 -100
221 1715 -100
221 1833 100
222 565 -100
222 842 -44
222 954 -100
222 989 -100
222 1313 -100
223 716 100
223 842 100
223 1594 -100
223 1659 -100
224 842 -44
224 855 -100
224 1496 -100
225 842 -44
225 1139 -100
226 413 -44
226 921 -100
226 949 -100
226 1726 -100
227 362 -100
227 413 -44
227 633 -100
227 980 -100
227 1601 -100
227 1634 -100
228 827 -100
228 835 -100
228 842 100
228 855 -100
228 1042 -100
228 1295 100
228 1707 -100
229 413 100
229 493 -100
229 1114 -100
229 1258 -100
230 511 -100
230 777 -100
230 842 100
230 1200 -100
230 1231 -100
230 1683 -100
230 1724 -100
231 240 -100
231 842 -44
231 1044 -100
231 1078 -100
231 1803 -100
232 512 -100
232 698 -100
232 842 100
232 1146 -100
232 1343 -100
233 413 100
233 972 -100
233 994 -100
233 1045 -100
233 1455 -100
234 366 -100
234 413 100
234 1007 -100
234 1057 -100
234 1084 -100
234 1575 100
234 1800 100
235 555 -100
235 815 -100
235 842 100
235 1748 -100
235 1784 -100
236 761 -100
236 842 -44
236 875 -100
236 1205 -100
236 1805 -100
237 259 -100
237 399 -100
237 413 100
237 1058 -100
237 1602 -100
238 413 100
238 1102 -100
238 1199 -100
238 1362 -100
238 1713 -100
239 413 100
239 690 -100
239 1215 -100
239 1226 -100
239 1452 -100
240 550 -100
240 563 -100
240 842 -44
240 1279 -100
241 675 -100
241 842 -44
241 964 -100
241 1435 -100
241 1792 -100
242 370 -100
242 413 -44
242 1168 -100
242 1177 -100
243 842 100
243 1101 -100
243 1257 -100
243 1280 -100
243 1363 -100
243 1525 100
243 1533 -100
244 413 100
244 765 -100
244 843 -100
244 1430 -100
244 1586 -100
244 1785 -100
245 293 -100
245 404 -100
245 500 -100
245 842 -44
245 1847 -100
246 285 -100
246 367 -100
246 842 100
246 1164 -100
246 1285 -100
246 1318 -100
247 842 -44
247 1133 -100
247 1542 -100
247 1812 -100
248 401 100
248 842 100
248 884 -100
248 939 -100
248 1329 -100
248 1655 100
248 1777 -100
249 268 -100
249 651 -100
249 740 -100
249 743 -100
249 842 -44
250 547 -100
250 568 -100
250 842 -44
250 1210 -100
250 1308 -100
250 1666 -100
251 413 100
251 592 -100
251 623 -100
251 1287 100
251 1647 -100
251 1716 -100
251 1746 -100
252 712 100
252 842 100
252 1063 -100
252 1261 -100
253 413 -44
253 1132 -100
253 1323 -100
253 1657 -100
254 413 100
254 818 100
254 1061 -100
254 1766 100
254 1830 -100
255 331 -100
255 413 -44
255 642 -100
255 755 -100
255 1801 -100
256 413 -44
256 707 -100
256 876 -100
256 938 -100
256 1717 -100
257 413 100
257 453 -100
257 497 -100
257 593 -100
257 922 -100
257 1031 100
257 1198 -100
258 460 -100
258 786 -100
258 842 100
258 1062 -100
258 1143 -100
258 1502 100
258 1835 -100
259 360 -100
259 413 100
259 864 -100
259 1195 100
259 1432 100
259 1478 -100
260 343 -100
260 413 -44
260 1564 -100
260 1600 -100
260 1666 -100
260 1813 -100
261 612 -100
261 842 -44
261 1005 -100
261 1108 -100
261 1448 -100
261 1743 -100
262 335 -100
262 413 100
262 652 -100
262 979 -100
262 1018 -100
262 1270 -100
263 411 -100
263 413 -44
263 541 -100
263 854 -100
263 976 -100
264 413 100
264 814 -100
264 1345 -100
264 1365 -100
264 1764 -100
265 413 -44
265 601 -100
265 1008 -100
265 1224 -100
266 443 -100
266 842 -44
266 1068 -100
266 1129 -100
266 1659 -100
266 1802 -100
267 597 -100
267 842 100
267 1075 -100
267 1540 -100
267 1580 -100
267 1739 -100
268 823 -100
268 842 -44
268 1514 -100
269 332 -100
269 413 100
269 557 -100
269 1806 -100
270 413 100
270 461 -100
270 1309 -100
270 1430 -100
270 1708 -100
271 413 -44
271 465 -100
271 576 -100
271 1311 -100
272 483 -100
272 539 -100
272 842 -44
272 878 -100
272 915 -100
272 1700 -100
273 430 -100
273 803 -100
273 842 100
273 969 -100
273 1519 -100
274 284 -100
274 842 100
274 888 -100
274 1179 -100
274 1474 -100
275 766 -100
275 842 -44
275 1153 -100
275 1401 -100
275 1613 -100
276 842 -44
276 948 -100
276 1447 -100
276 1530 -100
277 413 -44
277 833 -100
277 1056 -100
277 1178 -100
277 1583 -100
278 413 100
278 503 -100
278 1192 -100
278 1341 -100
278 1510 -100
279 539 -100
279 842 -44
279 878 -100
279 915 -100
279 1159 -100
279 1700 -100
280 413 100
280 814 -100
280 1343 -100
280 1345 -100
280 1365 -100
280 1764 -100
281 413 -44
281 902 -100
281 1336 -100
281 1522 -100
281 1528 -100
282 413 -44
282 644 -100
282 1359 -100
282 1573 -100
283 433 -100
283 842 100
283 1286 -100
283 1324 -100
283 1459 -100
284 499 -100
284 629 -100
284 730 -100
284 775 -100
284 842 100
284 863 -100
285 363 -100
285 401 -100
285 842 100
285 980 -100
285 1030 -100
285 1157 -100
286 452 -100
286 783 -100
286 842 -44
286 1396 -100
286 1517 -100
287 842 100
287 871 -100
287 1109 100
287 1197 -100
287 1421 -100
287 1537 -100
288 413 100
288 590 -100
288 1198 -100
288 1604 -100
288 1800 -100
288 1805 -100
289 413 100
289 794 -100
289 816 -100
289 995 -100
289 1328 -100
289 1766 -100
290 307 -100
290 408 -100
290 413 -44
290 513 -100
290 1248 -100
291 575 -100
291 842 -44
291 1267 -100
291 1832 -100
292 413 100
292 861 -100
292 1097 -100
292 1152 -100
292 1482 -100
292 1816 -100
293 407 -100
293 778 -100
293 842 -44
293 1151 -100
293 1678 -100
294 324 -100
294 393 -100
294 413 -44
294 1000 -100
294 1454 -100
295 597 -100
295 842 100
295 1540 -100
295 1580 -100
295 1739 -100
296 369 -100
296 413 -44
296 682 -100
296 934 -100
297 413 -44
297 578 -100
297 817 -100
297 1428 -100
297 1628 -100
298 413 100
298 713 -100
298 874 -100
298 1757 -100
298 1761 -100
299 626 -100
299 842 100
299 989 -100
299 1249 -100
299 1327 -100
299 1390 -100
300 413 100
300 448 -100
300 1428 -100
300 1432 -100
300 1450 -100
300 1563 -100
301 839 -100
301 842 100
301 1169 -100
301 1218 -100
301 1417 -100
301 1670 -100
302 330 -100
302 639 -100
302 842 100
302 1136 -100
302 1689 -100
303 413 100
303 538 -100
303 982 -100
303 1092 -100
303 1188 -100
303 1310 100
303 1644 -100
304 697 -100
304 767 -100
304 842 -44
304 847 -100
304 916 -100
305 413 100
305 461 -100
305 843 -100
305 857 -100
305 1586 -100
305 1785 -100
306 321 -100
306 495 -100
306 842 -44
306 898 -100
306 1274 -100
306 1852 -100
307 413 -44
307 1141 -100
307 1269 -100
307 1473 -100
307 1736 -100
308 413 100
308 503 -100
308 895 -100
308 1162 -100
308 1300 -100
309 599 -100
309 842 100
309 1014 -100
309 1505 -100
309 1652 -100
310 552 -100
310 632 -100
310 831 -100
310 839 -100
310 842 -44
310 1214 -100
311 388 -100
311 397 -100
311 842 100
311 885 -100
311 1236 -100
311 1740 -100
312 413 -44
312 602 -100
312 1123 -100
312 1227 -100
312 1253 -100
312 1582 -100
313 767 -100
313 842 -44
313 847 -100
313 916 -100
313 1406 -100
314 842 -44
314 848 -100
314 1099 -100
315 373 -100
315 390 -100
315 677 -100
315 842 100
315 843 -100
315 1132 -100
315 1737 -100
316 381 -100
316 467 -100
316 722 -100
316 842 -44
316 1664 -100
317 648 -100
317 761 -100
317 842 100
317 1497 -100
317 1578 -100
318 842 -44
318 1133 -100
318 1542 -100
318 1812 -100
319 376 -100
319 413 -44
319 807 -100
319 858 -100
319 1383 -100
319 1730 -100
320 736 -100
320 842 -44
320 1200 -100
320 1648 -100
321 561 -100
321 745 -100
321 842 100
321 1186 -100
321 1640 -100
322 413 100
322 427 -100
322 710 -100
322 1238 100
322 1516 100
323 413 -44
323 718 -100
323 946 -100
323 1170 -100
323 1526 -100
324 392 -100
324 413 -44
324 1255 -100
324 1440 -100
325 413 -44
325 591 -100
325 900 -100
325 915 -100
325 1545 -100
326 413 100
326 580 -100
326 805 -100
326 995 100
326 1111 -100
326 1336 -100
326 1342 -100
327 842 -44
327 1348 -100
327 1825 -100
328 665 -100
328 842 -44
329 384 -100
329 725 -100
329 842 -44
329 1553 -100
330 531 -100
330 673 100
330 842 100
330 1202 -100
330 1490 -100
331 413 100
331 425 -100
331 785 -100
331 1539 -100
332 413 100
332 769 100
332 1508 -100
332 1571 -100
333 413 100
333 785 100
333 789 -100
333 959 100
333 1246 -100
333 1699 -100
334 413 100
334 503 -100
334 895 -100
334 1162 -100
335 413 100
335 416 -100
335 646 -100
335 818 -100
335 1411 -100
335 1636 -100
336 349 -100
336 413 -44
336 968 -100
336 1718 -100
337 521 -100
337 842 -44
337 1185 -100
337 1536 -100
338 398 -100
338 842 -44
338 879 -100
338 918 -100
338 1846 -100
339 413 100
339 453 -100
339 497 -100
339 590 -100
339 593 -100
339 717 -100
339 760 -100
339 829 -100
339 842 100
339 922 -100
339 1015 -100
339 1173 -100
339 1363 -100
340 673 -100
340 842 100
340 1090 -100
340 1225 -100
340 1475 -100
340 1585 -100
341 413 -44
341 607 -100
341 774 -100
341 1254 -100
341 1373 -100
342 413 -44
342 579 -100
342 653 -100
342 956 -100
342 1217 -100
343 413 -44
343 1455 -100
343 1611 -100
343 1845 -100
344 413 100
344 557 100
344 875 100
344 961 -100
344 1310 -100
344 1386 -100
344 1574 -100
345 477 -100
345 589 -100
345 842 -44
345 1532 -100
346 413 -44
346 1137 -100
346 1543 -100
346 1561 -100
346 1755 -100
347 492 -100
347 510 -100
347 842 -44
347 1663 -100
347 1769 -100
348 413 -44
348 1132 -100
348 1323 -100
348 1657 -100
349 413 -44
349 1382 -100
350 413 100
350 900 -100
350 1456 -100
350 1503 -100
351 413 -44
351 1097 -100
351 1344 -100
351 1420 -100
351 1469 -100
352 413 100
352 421 -100
352 457 -100
352 789 100
352 1019 100
352 1118 -100
352 1263 -100
353 413 100
353 843 -100
353 1309 -100
353 1586 -100
353 1785 -100
354 380 -100
354 413 -44
354 860 -100
354 977 -100
354 1134 -100
355 470 -100
355 842 -44
355 1316 -100
355 1557 -100
355 1641 -100
356 413 100
356 715 -100
356 1079 -100
356 1645 -100
356 1665 -100
356 1752 -100
357 842 -44
357 851 -100
357 1233 -100
357 1524 -100
357 1702 -100
358 842 -44
358 1623 -100
358 1809 -100
359 413 -44
359 957 -100
359 1167 -100
359 1649 -100
359 1667 -100
360 399 -100
360 413 100
360 601 -100
360 1058 -100
360 1602 -100
361 413 -44
361 642 -100
361 755 -100
361 1801 -100
361 1821 -100
362 382 -100
362 413 -44
362 608 -100
362 1017 -100
363 613 -100
363 842 100
363 1065 -100
363 1468 -100
363 1704 -100
364 698 -100
364 720 -100
364 842 -44
364 872 -100
365 413 -44
365 644 -100
365 645 -100
365 1359 -100
365 1573 -100
366 413 100
366 694 -100
366 1137 -100
366 1400 -100
366 1452 -100
366 1783 -100
367 842 100
367 980 -100
367 1030 -100
367 1157 -100
367 1763 -100
368 555 -100
368 815 -100
368 842 100
368 1348 -100
368 1748 -100
368 1784 -100
369 413 -44
369 731 -100
369 1204 -100
369 1424 -100
369 1767 -100
370 413 -44
370 1091 -100
370 1188 -100
370 1216 -100
371 386 -100
371 413 100
371 429 -100
371 486 -100
371 542 -100
371 1675 -100
372 539 -100
372 842 -44
372 878 -100
372 915 -100
372 1124 -100
372 1700 -100
373 482 -100
373 842 100
373 1379 -100
373 1481 -100
373 1594 -100
374 599 -100
374 842 100
374 1014 -100
374 1652 -100
374 1822 -100
375 842 100
375 844 -100
375 1132 -100
375 1688 -100
375 1836 -100
376 413 -44
376 701 -100
376 840 -100
376 1849 -100
377 589 -100
377 842 100
377 1196 -100
377 1206 -100
377 1556 -100
378 495 -100
378 842 -44
378 898 -100
378 1274 -100
378 1844 -100
378 1852 -100
379 842 100
379 849 -100
379 1055 -100
379 1206 -100
379 1589 -100
380 413 100
380 518 -100
380 600 -100
380 1238 -100
381 522 -100
381 842 -44
381 969 -100
382 413 -44
382 633 -100
382 980 -100
382 1634 -100
383 413 100
383 816 -100
383 995 -100
383 1209 -100
383 1328 -100
383 1766 -100
384 842 -44
384 926 -100
384 1477 -100
385 842 100
385 967 -100
385 1048 -100
385 1257 -100
385 1377 -100
386 413 100
386 889 100
386 992 -100
386 1083 100
386 1093 -100
386 1123 -100
387 413 100
387 421 -100
387 457 -100
387 1118 -100
387 1246 100
387 1263 -100
387 1416 100
388 451 -100
388 524 -100
388 842 100
388 1669 -100
388 1803 -100
389 708 -100
389 842 100
389 868 -100
389 1415 -100
390 842 100
390 1122 100
390 1659 -100
391 761 -100
391 842 -44
391 875 -100
391 1205 -100
391 1805 -100
392 393 -100
392 413 -44
392 1000 -100
393 413 -44
393 1255 -100
393 1440 -100
394 842 100
394 911 -100
394 929 -100
394 1107 -100
394 1517 -100
395 842 -44
395 1139 -100
396 413 100
396 491 -100
396 841 -100
396 1071 -100
396 1324 -100
396 1374 -100
397 689 -100
397 777 -100
397 842 100
397 890 -100
397 1314 -100
398 842 -44
399 413 100
399 621 100
399 864 -100
399 1478 -100
399 1563 100
400 842 -44
400 1369 -100
400 1412 -100
400 1443 -100
400 1466 -100
400 1654 -100
401 603 -100
401 842 100
401 1108 -100
401 1848 -100
402 413 -44
402 974 -100
402 1618 -100
402 1798 -100
403 417 -100
403 842 -44
403 1163 -100
403 1353 -100
403 1381 -100
403 1445 -100
404 407 -100
404 778 -100
404 842 -44
404 1625 -100
404 1678 -100
405 413 -44
405 834 -100
405 1020 -100
405 1080 -100
405 1493 -100
406 413 100
406 528 -100
406 622 -100
406 650 -100
406 1470 -100
406 1518 -100
406 1646 100
407 500 -100
407 842 -44
407 1847 -100
408 413 -44
408 1141 -100
408 1473 -100
408 1506 -100
408 1736 -100
409 751 -100
409 842 -44
409 896 -100
409 1211 -100
409 1228 -100
409 1786 -100
410 413 100
410 428 -100
410 897 100
410 1176 -100
410 1733 -100
411 413 -44
411 491 -100
411 505 -100
411 953 -100
411 1291 -100
412 413 100
412 839 -100
412 842 100
412 870 -100
412 994 100
412 1218 -100
412 1237 -100
412 1402 -100
412 1417 -100
412 1465 -100
412 1645 -100
412 1670 -100
412 1839 -100
413 414 -44
413 416 100
413 419 -44
413 421 100
413 422 100
413 423 -44
413 425 100
413 426 -44
413 427 100
413 428 100
413 429 100
413 432 100
413 434 100
413 435 -44
413 436 -44
413 437 100
413 438 -44
413 440 -44
413 441 100
413 442 -44
413 444 100
413 445 -44
413 448 100
413 450 -44
413 453 100
413 456 -44
413 457 100
413 461 100
413 462 -44
413 463 -44
413 464 -44
413 465 -44
413 468 100
413 470 -44
413 471 -44
413 472 -44
413 475 -44
413 476 100
413 479 100
413 481 100
413 484 -44
413 485 100
413 486 -44
413 487 -44
413 488 100
413 490 100
413 491 100
413 493 100
413 497 100
413 498 100
413 503 100
413 504 -44
413 505 -44
413 509 -44
413 513 -44
413 514 100
413 515 100
413 516 100
413 518 100
413 519 100
413 523 100
413 525 -44
413 527 -44
413 528 -44
413 529 -44
413 532 100
413 534 100
413 535 100
413 536 -44
413 537 100
413 538 100
413 540 -44
413 541 -44
413 542 100
413 545 100
413 549 -44
413 551 -44
413 552 -44
413 554 100
413 556 100
413 557 100
413 560 100
413 562 -44
413 566 -44
413 569 -44
413 570 -44
413 571 100
413 572 100
413 576 -44
413 577 100
413 578 -44
413 579 -44
413 580 100
413 581 -44
413 582 -44
413 584 100
413 588 100
413 590 100
413 591 -44
413 592 100
413 593 100
413 595 -44
413 596 100
413 598 -44
413 600 100
413 601 -44
413 602 -44
413 604 100
413 606 100
413 607 -44
413 608 -44
413 610 -44
413 615 100
413 616 -44
413 617 100
413 620 -44
413 621 100
413 622 100
413 623 100
413 624 100
413 625 -44
413 630 -44
413 631 100
413 633 -44
413 634 100
413 637 100
413 638 -44
413 641 100
413 642 -44
413 644 -44
413 645 100
413 646 100
413 650 100
413 652 -44
413 653 -44
413 654 -44
413 656 100
413 659 100
413 667 -44
413 668 100
413 669 100
413 670 -44
413 682 -44
413 685 100
413 686 -44
413 687 -44
413 688 -44
413 690 -44
413 693 -44
413 694 100
413 701 -44
413 702 100
413 704 100
413 706 -44
413 707 -44
413 709 -44
413 710 100
413 713 100
413 715 100
413 718 -44
413 719 100
413 721 -44
413 723 100
413 726 -44
413 727 -44
413 728 -44
413 729 100
413 731 -44
413 732 -44
413 734 100
413 737 100
413 742 -44
413 746 -44
413 749 -44
413 752 100
413 753 -44
413 755 -44
413 756 100
413 759 100
413 765 100
413 768 100
413 769 100
413 770 100
413 774 -44
413 779 -44
413 785 100
413 787 -44
413 788 100
413 789 100
413 790 -44
413 791 100
413 794 -44
413 796 100
413 797 100
413 798 -44
413 801 -44
413 802 100
413 804 -44
413 805 100
413 806 100
413 807 -44
413 809 -44
413 811 -44
413 813 100
413 814 100
413 816 100
413 817 -44
413 818 100
413 819 100
413 820 100
413 821 -44
413 822 100
413 824 -44
413 825 100
413 826 -44
413 828 -44
413 833 100
413 834 -44
413 838 -44
413 840 -44
413 841 100
413 843 100
413 852 -44
413 853 -44
413 854 -44
413 856 -44
413 857 100
413 858 -44
413 859 -44
413 860 -44
413 861 100
413 864 100
413 866 -44
413 869 -44
413 873 -44
413 874 100
413 875 100
413 876 -44
413 877 100
413 880 -44
413 881 100
413 882 100
413 884 100
413 889 100
413 892 -44
413 895 100
413 897 100
413 900 -44
413 901 -44
413 902 -44
413 903 -44
413 904 -44
413 905 100
413 906 -44
413 908 100
413 912 100
413 914 -44
413 915 -44
413 921 -44
413 922 100
413 931 100
413 934 -44
413 935 100
413 936 100
413 938 -44
413 940 100
413 941 100
413 942 100
413 943 -44
413 945 -44
413 946 -44
413 949 100
413 950 -44
413 952 100
413 953 -44
413 956 -44
413 957 100
413 958 -44
413 959 100
413 961 100
413 962 100
413 963 100
413 968 -44
413 970 -44
413 971 -44
413 972 100
413 973 -44
413 974 -44
413 976 -44
413 977 -44
413 978 -44
413 979 100
413 980 -44
413 982 100
413 983 -44
413 985 -44
413 986 100
413 987 100
413 990 -44
413 991 100
413 992 100
413 993 100
413 994 100
413 995 100
413 997 100
413 998 -44
413 999 100
413 1000 -44
413 1001 100
413 1002 100
413 1003 -44
413 1004 100
413 1007 100
413 1008 -44
413 1009 -44
413 1012 -44
413 1013 100
413 1016 -44
413 1017 -44
413 1018 100
413 1019 100
413 1020 -44
413 1021 -44
413 1022 -44
413 1023 100
413 1024 100
413 1025 100
413 1029 -44
413 1031 100
413 1032 100
413 1033 -44
413 1036 -44
413 1037 -44
413 1038 100
413 1043 100
413 1045 100
413 1047 100
413 1049 -44
413 1050 -44
413 1051 -44
413 1052 -44
413 1054 -44
413 1056 -44
413 1057 100
413 1058 100
413 1059 100
413 1061 100
413 1069 -44
413 1071 100
413 1072 -44
413 1074 100
413 1076 100
413 1077 100
413 1079 100
413 1080 -44
413 1081 100
413 1082 -44
413 1083 100
413 1084 100
413 1085 100
413 1086 100
413 1087 -44
413 1088 -44
413 1091 -44
413 1092 100
413 1093 100
413 1094 -44
413 1095 -44
413 1096 -44
413 1097 -44
413 1102 -44
413 1103 -44
413 1104 -44
413 1106 100
413 1110 100
413 1111 100
413 1112 100
413 1113 -44
413 1114 100
413 1115 -44
413 1116 -44
413 1118 100
413 1120 -44
413 1123 100
413 1125 100
413 1127 -44
413 1130 -44
413 1131 100
413 1132 -44
413 1134 -44
413 1137 -44
413 1138 100
413 1141 -44
413 1142 -44
413 1147 -44
413 1150 100
413 1152 100
413 1155 100
413 1156 -44
413 1160 100
413 1161 100
413 1162 100
413 1165 -44
413 1167 -44
413 1168 -44
413 1170 -44
413 1175 -44
413 1176 100
413 1177 -44
413 1178 -44
413 1182 -44
413 1184 -44
413 1188 100
413 1189 100
413 1190 100
413 1191 100
413 1192 100
413 1193 -44
413 1195 100
413 1198 100
413 1199 100
413 1201 -44
413 1204 -44
413 1207 100
413 1209 -44
413 1212 100
413 1215 100
413 1216 -44
413 1217 -44
413 1219 -44
413 1220 100
413 1221 -44
413 1224 -44
413 1226 100
413 1227 -44
413 1230 -44
413 1231 -44
413 1232 -44
413 1234 100
413 1235 100
413 1237 100
413 1238 100
413 1239 100
413 1241 -44
413 1242 -44
413 1243 100
413 1246 100
413 1247 100
413 1248 -44
413 1252 -44
413 1253 -44
413 1254 -44
413 1255 -44
413 1256 -44
413 1258 -44
413 1259 -44
413 1262 100
413 1263 100
413 1268 100
413 1269 100
413 1270 100
413 1271 -44
413 1273 -44
413 1275 100
413 1276 -44
413 1277 100
413 1278 100
413 1281 100
413 1283 100
413 1287 100
413 1288 -44
413 1290 -44
413 1291 -44
413 1292 100
413 1300 -44
413 1302 -44
413 1307 100
413 1309 100
413 1310 100
413 1311 -44
413 1317 -44
413 1319 -44
413 1321 -44
413 1323 -44
413 1324 100
413 1326 -44
413 1328 100
413 1330 100
413 1331 -44
413 1332 100
413 1336 100
413 1338 100
413 1339 -44
413 1340 100
413 1341 100
413 1342 100
413 1343 -44
413 1344 -44
413 1345 100
413 1346 -44
413 1347 100
413 1349 100
413 1351 -44
413 1355 -44
413 1356 100
413 1359 -44
413 1360 100
413 1361 -44
413 1362 100
413 1363 100
413 1365 100
413 1366 -44
413 1372 100
413 1373 -44
413 1374 100
413 1375 -44
413 1380 -44
413 1382 -44
413 1383 100
413 1384 -44
413 1385 100
413 1386 100
413 1387 -44
413 1388 100
413 1389 -44
413 1391 100
413 1394 -44
413 1395 -44
413 1397 100
413 1399 100
413 1400 100
413 1402 100
413 1403 100
413 1407 -44
413 1408 100
413 1411 100
413 1413 100
413 1416 100
413 1418 -44
413 1419 -44
413 1420 -44
413 1424 100
413 1425 -44
413 1428 -44
413 1429 -44
413 1430 100
413 1431 100
413 1432 100
413 1433 100
413 1434 -44
413 1436 -44
413 1439 100
413 1440 -44
413 1444 -44
413 1446 100
413 1449 -44
413 1450 100
413 1452 100
413 1453 100
413 1454 100
413 1455 -44
413 1456 100
413 1457 100
413 1465 100
413 1469 -44
413 1470 100
413 1471 -44
413 1472 100
413 1473 -44
413 1478 100
413 1479 -44
413 1482 100
413 1483 -44
413 1485 -44
413 1493 -44
413 1499 100
413 1503 100
413 1504 100
413 1506 100
413 1507 100
413 1508 100
413 1510 100
413 1516 100
413 1518 100
413 1522 -44
413 1523 -44
413 1526 -44
413 1528 -44
413 1531 -44
413 1534 100
413 1535 -44
413 1538 100
413 1539 100
413 1541 100
413 1543 -44
413 1544 -44
413 1545 -44
413 1546 100
413 1547 -44
413 1549 100
413 1550 100
413 1552 100
413 1554 -44
413 1555 -44
413 1558 -44
413 1560 -44
413 1561 -44
413 1563 100
413 1564 -44
413 1566 -44
413 1568 -44
413 1570 -44
413 1571 100
413 1572 100
413 1573 -44
413 1574 100
413 1575 100
413 1576 -44
413 1577 -44
413 1582 -44
413 1583 -44
413 1584 -44
413 1586 100
413 1587 100
413 1591 -44
413 1593 100
413 1600 -44
413 1601 100
413 1602 100
413 1604 -44
413 1606 -44
413 1607 -44
413 1608 100
413 1609 -44
413 1610 100
413 1611 -44
413 1612 -44
413 1614 -44
413 1618 -44
413 1621 100
413 1627 -44
413 1628 -44
413 1632 -44
413 1634 -44
413 1636 100
413 1637 -44
413 1638 100
413 1644 100
413 1645 100
413 1646 100
413 1647 100
413 1649 -44
413 1650 100
413 1656 -44
413 1657 -44
413 1661 -44
413 1662 100
413 1665 100
413 1666 -44
413 1667 -44
413 1672 100
413 1673 100
413 1675 100
413 1680 -44
413 1686 100
413 1690 100
413 1693 100
413 1697 100
413 1698 -44
413 1699 100
413 1701 100
413 1708 100
413 1710 -44
413 1711 -44
413 1713 100
413 1714 -44
413 1716 100
413 1717 -44
413 1718 -44
413 1722 100
413 1726 -44
413 1730 -44
413 1731 100
413 1732 -44
413 1733 100
413 1735 100
413 1736 -44
413 1737 -44
413 1742 -44
413 1746 100
413 1747 -44
413 1749 100
413 1752 -44
413 1755 -44
413 1757 -44
413 1759 -44
413 1760 100
413 1761 100
413 1762 100
413 1764 100
413 1766 100
413 1767 -44
413 1768 -44
413 1770 -44
413 1771 100
413 1774 100
413 1775 -44
413 1779 -44
413 1780 100
413 1781 -44
413 1782 100
413 1783 100
413 1785 100
413 1787 100
413 1789 100
413 1791 -44
413 1794 -44
413 1797 100
413 1798 -44
413 1799 100
413 1800 100
413 1801 -44
413 1805 100
413 1806 100
413 1807 -44
413 1810 100
413 1811 100
413 1813 100
413 1815 100
413 1816 100
413 1821 100
413 1823 -44
413 1826 100
413 1830 100
413 1831 100
413 1834 100
413 1837 100
413 1838 -44
413 1839 100
413 1840 100
413 1843 100
413 1845 -44
413 1849 -44
413 1850 100
414 456 -100
414 809 -100
414 1102 -100
415 521 -100
415 842 -44
415 1185 -100
415 1536 -100
416 979 -100
416 1018 -100
416 1270 -100
416 1570 -100
417 830 -100
417 842 -44
417 1376 -100
417 1498 -100
418 758 -100
418 842 -44
418 1070 -100
418 1171 -100
418 1284 -100
418 1616 -100
419 990 -100
420 842 100
420 1312 -100
420 1495 -100
420 1525 -100
420 1553 -100
421 641 -100
421 1547 -100
421 1572 -100
422 875 -100
422 1419 -100
422 1621 -100
423 805 -100
423 902 -100
423 1522 -100
423 1528 -100
424 611 -100
424 842 100
424 1060 -100
424 1480 100
424 1804 -100
424 1828 100
425 796 -100
425 1385 -100
425 1810 100
425 1821 -100
426 620 -100
426 1095 -100
426 1637 -100
427 938 -100
427 1646 -100
427 1722 -100
428 822 -100
428 1340 -100
428 1764 100
429 768 100
429 992 -100
429 1093 -100
429 1123 -100
429 1610 100
430 467 -100
430 842 100
430 966 -100
430 1368 -100
430 1415 -100
430 1630 -100
431 627 -100
431 842 -44
431 850 -100
431 1595 -100
431 1738 -100
431 1824 -100
432 873 -100
432 1019 -100
432 1283 -100
432 1416 -100
433 842 100
433 907 -100
433 1027 100
433 1250 -100
433 1715 -100
434 532 -100
434 577 -100
434 608 -100
434 1220 -100
434 1735 -100
435 475 -100
435 487 -100
435 906 -100
435 978 -100
435 1697 -100
436 1471 -100
436 1535 -100
436 1612 -100
436 1768 -100
437 488 -100
437 1071 -100
437 1575 -100
437 1834 -100
437 1849 -100
438 1471 -100
438 1535 -100
438 1612 -100
438 1768 -100
439 842 -44
439 924 -100
439 1213 -100
439 1240 -100
440 634 -100
440 860 -100
440 977 -100
440 1134 -100
441 723 -100
441 1508 -100
441 1541 -100
441 1768 -100
442 527 -100
442 1389 -100
442 1823 -100
443 808 -100
443 842 -44
443 1364 -100
444 584 -100
444 1086 -100
444 1239 -100
444 1608 100
444 1645 100
445 652 -100
445 998 -100
445 1570 -100
446 583 -100
446 842 -44
446 947 -100
446 1596 -100
447 660 -100
447 842 -44
447 1585 -100
448 669 -100
448 702 -100
448 1058 100
448 1278 -100
448 1465 -100
449 502 -100
449 548 -100
449 842 -44
449 1559 -100
449 1619 -100
450 746 -100
450 801 -100
450 970 -100
450 1115 -100
451 494 -100
451 563 -100
451 842 100
451 1642 -100
451 1694 -100
452 533 -100
452 842 -44
452 1194 -100
453 527 -100
453 572 -100
453 1150 -100
454 512 100
454 574 -100
454 842 100
454 1148 -100
454 1282 -100
454 1484 -100
455 842 -44
455 1126 -100
455 1188 -100
455 1243 -100
456 1380 -100
456 1698 -100
456 1799 -100
457 484 -100
457 641 -100
457 1572 -100
458 553 -100
458 661 -100
458 674 -100
458 683 -100
458 772 100
458 842 100
458 1010 -100
459 546 100
459 842 100
459 884 -100
459 939 -100
459 1329 -100
459 1427 100
459 1777 -100
460 546 -100
460 548 -100
460 842 100
460 887 -100
460 1655 -100
461 797 -100
461 1112 100
462 821 -100
462 1022 -100
462 1096 -100
462 1757 -100
463 727 -100
463 1290 -100
463 1339 -100
463 1349 -100
463 1661 -100
464 591 -100
464 900 -100
464 915 -100
464 1545 -100
465 581 -100
465 1351 -100
465 1375 -100
466 714 -100
466 842 100
466 844 -100
466 1132 -100
466 1688 -100
467 803 -100
467 842 100
467 1519 -100
468 770 -100
468 884 100
468 1077 -100
468 1243 -100
468 1713 100
468 1731 -100
469 614 -100
469 662 100
469 842 100
469 1035 -100
469 1266 -100
469 1687 -100
470 605 -100
470 842 -44
470 884 -100
470 913 -100
470 1449 -100
470 1591 -100
471 670 -100
471 726 -100
471 1052 -100
471 1606 -100
472 828 -100
472 1118 -100
472 1361 -100
472 1775 -100
473 512 -100
473 720 -100
473 842 100
473 1146 -100
473 1343 -100
474 842 -44
474 1496 -100
474 1707 -100
475 549 -100
475 1604 -100
476 713 -100
476 874 -100
476 1022 -100
476 1761 -100
477 842 -44
477 1272 -100
477 1758 -100
478 597 -100
478 842 100
478 1006 -100
478 1540 -100
478 1580 -100
478 1739 -100
479 765 -100
479 857 -100
479 1241 -100
479 1538 -100
479 1789 -100
480 736 -100
480 842 -44
480 1648 -100
480 1724 -100
481 931 -100
481 1029 -100
481 1083 -100
481 1610 -100
482 657 -100
482 842 100
482 1028 -100
482 1303 -100
482 1525 100
483 712 -100
483 842 100
483 1264 -100
484 828 -100
484 1361 -100
484 1775 -100
485 498 -100
485 1138 -100
485 1155 -100
485 1246 -100
485 1372 -100
486 602 -100
486 1227 -100
486 1253 -100
486 1582 -100
487 549 -100
487 1604 -100
488 1038 -100
488 1383 -100
488 1400 100
489 696 -100
489 795 -100
489 842 100
489 1026 -100
489 1442 -100
489 1725 -100
490 881 -100
490 941 -100
490 986 -100
490 993 -100
490 1440 -100
491 877 -100
492 780 -100
492 842 -44
492 1494 -100
492 1727 -100
493 537 -100
493 1262 100
493 1546 100
493 1686 -100
494 842 100
494 1669 -100
494 1803 -100
494 1819 -100
495 842 -44
495 1793 -100
496 680 -100
496 842 -44
496 865 -100
496 885 -100
496 1066 -100
496 1378 -100
497 572 -100
497 1150 -100
497 1389 -100
498 942 -100
498 1483 -100
498 1831 -100
499 647 -100
499 842 100
499 1363 100
500 778 -100
500 842 -44
500 1467 -100
500 1678 -100
501 506 -100
501 628 -100
501 842 100
501 1723 -100
502 684 -100
502 842 -44
502 1062 -100
502 1297 -100
502 1795 -100
503 1268 -100
503 1731 -100
503 1760 -100
504 670 -100
504 726 -100
504 1052 -100
504 1606 -100
505 541 -100
505 854 -100
505 976 -100
506 743 -100
506 842 100
506 932 -100
506 1080 -100
506 1421 -100
507 575 -100
507 738 -100
507 777 -100
507 842 100
507 891 -100
507 1251 -100
508 842 -44
508 1046 -100
508 1119 -100
509 1258 -100
510 780 -100
510 842 -44
510 1494 -100
510 1727 -100
511 635 -100
511 681 -100
511 842 100
511 1265 -100
511 1381 -100
511 1529 -100
512 842 100
512 1107 100
512 1605 -100
513 1141 -100
513 1473 -100
513 1736 -100
514 1199 -100
514 1362 -100
514 1713 -100
515 1319 -100
515 1453 -100
515 1472 -100
515 1608 -100
515 1638 -100
516 809 -100
516 1199 -100
516 1362 -100
516 1713 -100
517 524 -100
517 547 -100
517 597 100
517 842 100
517 1203 -100
517 1222 -100
517 1819 -100
518 634 -100
518 1433 -100
518 1650 -100
518 1722 100
518 1811 -100
519 723 -100
519 1471 -100
519 1508 -100
519 1541 -100
520 561 -100
520 745 -100
520 842 100
520 1186 -100
520 1640 -100
520 1793 -100
521 544 -100
521 586 -100
521 842 -44
522 722 -100
522 842 -44
522 1630 -100
522 1664 -100
523 1235 -100
523 1356 -100
523 1375 -100
523 1789 -100
524 842 100
524 893 -100
524 923 -100
524 1695 -100
525 595 -100
525 958 -100
525 1037 -100
526 612 -100
526 842 -44
526 1005 -100
526 1448 -100
526 1743 -100
527 1082 -100
527 1175 -100
527 1395 -100
528 1256 -100
528 1346 -100
528 1544 -100
529 610 -100
529 983 -100
529 1054 -100
529 1558 -100
530 842 -44
530 1565 -100
531 699 -100
531 842 100
531 846 -100
531 960 -100
531 1812 -100
532 596 -100
532 759 -100
532 1601 -100
532 1850 -100
533 783 -100
533 842 -44
533 1396 -100
533 1517 -100
534 592 -100
534 623 -100
534 935 100
534 1024 -100
534 1716 -100
534 1746 -100
535 770 -100
535 935 100
535 1077 -100
535 1243 -100
535 1362 100
535 1731 -100
536 551 -100
536 842 -44
536 985 -100
536 1138 -100
536 1271 -100
536 1348 -100
536 1825 -100
537 1114 -100
538 1168 -100
538 1247 -100
538 1446 -100
538 1787 -100
539 771 -100
539 842 -44
540 902 -100
540 1111 -100
540 1522 -100
540 1528 -100
541 953 -100
541 1291 -100
542 729 100
542 931 100
542 992 -100
542 1093 -100
542 1123 -100
543 761 -100
543 842 -44
543 875 -100
543 1205 -100
543 1805 -100
544 842 -44
544 1185 -100
544 1536 -100
545 1237 -100
545 1402 -100
545 1465 -100
545 1665 -100
545 1839 -100
546 786 -100
546 842 100
546 1062 -100
546 1143 -100
546 1149 -100
547 842 100
547 893 -100
547 923 -100
547 1642 -100
548 684 -100
548 842 -44
548 1297 -100
548 1795 -100
549 906 -100
549 978 -100
549 1001 -100
550 842 -44
550 1044 -100
550 1078 -100
551 1276 -100
551 1483 -100
551 1747 -100
552 567 -100
552 842 -44
552 1192 -100
552 1219 -100
552 1259 -100
552 1350 -100
552 1366 -100
552 1660 -100
553 697 -100
553 842 100
553 893 -100
553 1406 -100
554 765 -100
554 857 -100
554 1538 -100
554 1711 -100
555 795 100
555 842 100
555 1261 100
555 1422 -100
556 713 -100
556 821 -100
556 874 -100
556 1761 -100
557 1571 -100
558 842 100
558 1098 -100
558 1368 -100
558 1372 -100
559 583 -100
559 842 -44
559 947 -100
559 1596 -100
560 588 -100
560 801 -100
560 1002 -100
560 1552 -100
560 1815 -100
561 662 100
561 748 -100
561 842 100
561 1063 100
561 1844 -100
562 834 -100
562 1020 -100
562 1080 -100
562 1341 -100
562 1493 -100
563 842 -44
563 1044 -100
563 1078 -100
564 657 -100
564 677 -100
564 842 100
564 1028 -100
564 1303 -100
564 1312 100
565 842 -44
565 862 -100
565 981 -100
565 997 -100
565 1172 -100
566 904 -100
566 1009 -100
566 1182 -100
566 1425 -100
567 632 -100
567 831 -100
567 842 -44
567 1214 -100
567 1218 -100
568 842 -44
568 1615 -100
568 1651 -100
568 1695 -100
569 664 -100
569 707 -100
569 730 -100
569 810 -100
569 842 100
569 876 -100
569 938 -100
569 1304 -100
569 1551 100
569 1717 -100
570 598 -100
570 788 -100
570 824 -100
570 1116 -100
570 1326 -100
571 1215 -100
571 1226 -100
571 1452 -100
572 593 -100
572 752 100
572 922 -100
572 1805 -100
573 635 -100
573 681 -100
573 842 100
573 1265 -100
573 1352 -100
573 1529 -100
574 842 100
574 850 -100
574 1249 100
574 1296 -100
574 1372 100
574 1631 -100
575 829 -100
575 842 100
576 581 -100
576 1351 -100
576 1375 -100
577 596 -100
577 685 -100
577 1424 -100
577 1601 -100
578 669 -100
578 903 -100
578 1165 -100
579 838 -100
579 950 -100
579 1609 -100
579 1780 -100
580 659 -100
580 905 -100
580 914 -100
580 1023 -100
580 1508 -100
581 1311 -100
582 943 -100
582 1072 -100
583 842 -44
583 894 -100
583 1291 -100
583 1410 -100
584 704 -100
584 1052 -100
584 1499 -100
584 1771 -100
585 837 -100
585 842 -44
585 868 -100
586 842 -44
586 1185 -100
586 1536 -100
587 660 -100
587 673 -100
587 842 100
587 1090 -100
587 1225 -100
587 1475 -100
588 1025 -100
588 1047 -100
588 1453 -100
589 842 -44
589 1272 -100
590 694 100
590 1001 -100
590 1110 -100
590 1697 -100
591 688 -100
591 1125 -100
591 1759 -100
592 806 -100
592 962 -100
592 1657 -100
593 1150 -100
593 1823 -100
594 842 100
594 919 -100
594 1409 -100
594 1562 -100
595 1012 -100
595 1120 -100
595 1733 -100
596 1017 -100
596 1220 -100
596 1735 -100
597 842 100
597 988 -100
597 1132 -100
598 706 -100
598 1752 -100
599 842 100
599 896 -100
599 967 100
599 1266 100
600 634 -100
600 1646 100
600 1650 -100
600 1782 -100
600 1811 -100
601 866 -100
601 1201 -100
601 1479 -100
602 1321 -100
603 795 100
603 842 100
603 1322 -100
603 1427 -100
603 1671 -100
603 1763 -100
604 897 -100
604 1439 -100
604 1636 -100
605 842 -44
605 1316 -100
605 1557 -100
605 1641 -100
606 668 -100
606 963 -100
606 1195 -100
606 1363 -100
606 1787 -100
606 1840 -100
607 1566 -100
608 633 -100
608 980 -100
608 1634 -100
609 842 100
609 965 -100
609 1011 -100
609 1295 -100
609 1703 -100
610 813 -100
610 945 -100
610 1127 -100
610 1156 -100
611 716 -100
611 754 -100
611 842 100
611 1122 -100
612 691 -100
612 842 -44
612 1322 -100
613 842 100
613 1089 -100
613 1751 -100
614 666 -100
614 673 -100
614 705 -100
614 842 100
614 1325 -100
615 791 100
615 952 -100
615 1549 -100
615 1690 -100
615 1797 -100
616 667 -100
616 1394 -100
616 1584 -100
616 1732 -100
617 737 -100
617 1023 -100
617 1032 -100
617 1212 -100
617 1693 -100
618 835 -100
618 842 100
618 855 -100
618 1042 -100
618 1140 -100
618 1707 -100
619 842 -44
619 924 -100
619 1213 -100
619 1240 -100
620 852 -100
620 1434 -100
620 1571 -100
620 1607 -100
621 936 -100
621 1024 -100
621 1332 -100
621 1550 -100
621 1647 -100
622 719 -100
622 1207 -100
622 1413 100
622 1516 -100
623 806 -100
623 962 -100
623 1323 -100
624 789 -100
624 1246 -100
624 1699 -100
624 1850 100
625 973 -100
625 1094 -100
625 1429 -100
625 1672 -100
626 700 -100
626 842 100
626 862 -100
626 1117 -100
626 1484 100
626 1676 -100
627 842 -44
627 1208 -100
627 1500 -100
628 651 -100
628 842 100
628 932 -100
628 1080 -100
628 1421 -100
629 842 100
629 888 -100
629 1179 -100
629 1474 -100
630 693 -100
630 1232 -100
630 1242 -100
630 1531 -100
631 685 -100
631 959 -100
631 968 -100
631 997 -100
631 1850 -100
632 842 -44
632 1350 -100
632 1660 -100
633 1017 -100
634 1238 -100
635 842 100
635 845 -100
635 1223 -100
635 1435 -100
636 657 -100
636 842 100
636 843 -100
636 1028 -100
636 1303 -100
636 1495 100
637 912 100
637 952 -100
637 1403 100
637 1549 -100
637 1690 -100
637 1797 -100
638 1219 -100
638 1259 -100
638 1366 -100
638 1510 -100
639 842 100
639 930 -100
639 1202 -100
639 1475 100
639 1490 -100
640 698 -100
640 720 -100
640 842 -44
640 872 -100
641 1118 -100
641 1263 -100
641 1699 100
642 709 -100
642 859 -100
643 672 -100
643 842 -44
643 975 -100
643 1053 -100
643 1393 -100
644 1419 -100
645 875 -100
645 1621 -100
646 979 -100
646 998 -100
646 1018 -100
646 1270 -100
647 842 100
647 879 -100
647 886 -100
647 1491 -100
647 1741 -100
648 666 100
648 842 100
648 1206 -100
648 1370 -100
648 1567 -100
648 1569 -100
649 842 -44
649 1623 -100
649 1809 -100
650 719 -100
650 737 100
650 1207 -100
650 1516 -100
651 823 -100
651 842 -44
651 1514 -100
652 1003 -100
652 1742 -100
653 838 -100
653 950 -100
653 1609 -100
654 892 -100
654 1104 -100
654 1614 -100
654 1656 -100
655 842 -44
655 1294 -100
655 1369 -100
655 1412 -100
655 1443 -100
655 1466 -100
656 723 -100
656 1508 -100
656 1535 -100
656 1541 -100
657 762 -100
657 842 100
657 948 -100
658 842 -44
658 1042 -100
658 1496 -100
659 805 -100
659 1111 -100
659 1328 100
659 1336 -100
660 842 -44
660 883 -100
660 1174 -100
660 1778 -100
661 842 100
661 1181 -100
661 1391 -100
662 739 -100
662 842 100
662 1244 -100
662 1305 -100
662 1643 -100
663 764 -100
663 842 -44
663 1030 -100
663 1354 -100
663 1441 -100
664 724 -100
664 799 -100
664 842 100
664 1474 -100
665 757 -100
665 842 -44
665 863 -100
665 1590 -100
666 842 100
666 1035 -100
666 1266 -100
666 1687 -100
666 1705 100
667 1050 -100
667 1577 -100
668 982 -100
668 1332 -100
668 1781 -100
669 1432 -100
669 1450 -100
669 1563 -100
670 1239 -100
670 1560 -100
671 792 -100
671 842 -44
671 937 -100
671 1183 -100
671 1712 -100
672 842 -44
672 1776 -100
672 1814 -100
673 842 100
673 1521 -100
674 842 100
674 1181 -100
674 1391 -100
674 1597 -100
675 681 -100
675 842 -44
675 1581 -100
676 741 -100
676 842 -44
676 1089 -100
676 1658 -100
676 1721 -100
677 842 100
677 1481 -100
677 1594 -100
677 1744 -100
678 795 -100
678 842 100
678 944 -100
678 1026 -100
678 1442 -100
678 1725 -100
679 766 -100
679 842 -44
679 1153 -100
679 1401 -100
679 1613 -100
680 842 -44
680 1681 -100
680 1720 -100
681 842 100
681 845 -100
681 1223 -100
682 731 -100
682 759 -100
682 1204 -100
682 1767 -100
683 842 100
683 1181 -100
683 1391 -100
684 842 -44
684 1559 -100
684 1619 -100
685 802 -100
685 1810 100
686 707 -100
686 876 -100
686 938 -100
686 1717 -100
687 1184 -100
687 1268 -100
687 1714 -100
688 900 -100
688 915 -100
688 1545 -100
689 712 100
689 842 100
689 1429 -100
689 1691 -100
689 1818 -100
689 1842 -100
690 732 -100
690 742 -100
690 1355 -100
690 1807 -100
691 842 -44
691 1005 -100
691 1448 -100
691 1743 -100
691 1848 -100
692 842 -44
692 1126 -100
692 1188 -100
692 1243 -100
693 889 -100
693 901 -100
693 1838 -100
694 1007 -100
694 1057 -100
694 1071 100
694 1084 -100
695 741 -100
695 842 -44
695 1089 -100
695 1658 -100
695 1721 -100
696 842 -44
696 1369 -100
696 1412 -100
696 1443 -100
696 1466 -100
697 781 -100
697 842 100
697 1222 -100
697 1414 -100
698 747 -100
698 773 -100
698 842 -44
699 842 100
699 930 -100
699 1158 -100
699 1295 -100
699 1513 -100
700 842 100
700 1249 -100
700 1313 -100
700 1327 -100
700 1390 -100
701 807 -100
701 858 -100
701 1038 -100
701 1730 -100
702 1432 -100
702 1450 -100
702 1563 -100
702 1628 -100
703 842 -44
703 1348 -100
703 1825 -100
704 1086 -100
704 1239 -100
704 1453 100
704 1665 100
705 842 100
705 1035 -100
705 1266 -100
705 1438 100
705 1497 100
705 1687 -100
706 819 -100
706 824 -100
706 1116 -100
706 1326 -100
707 710 -100
707 1779 -100
708 842 100
708 1135 -100
708 1519 -100
709 755 -100
709 1385 -100
709 1801 -100
710 1646 -100
710 1722 -100
711 799 100
711 812 -100
711 842 100
711 1405 -100
711 1511 -100
711 1663 -100
712 750 -100
712 842 100
712 1124 -100
712 1159 -100
713 986 -100
713 1347 -100
713 1356 -100
714 792 -100
714 842 -44
714 937 -100
714 1712 -100
715 788 -100
715 819 -100
715 1275 -100
715 1408 -100
715 1771 100
716 842 100
716 1060 -100
716 1804 -100
717 842 100
717 891 -100
717 1022 -100
717 1320 -100
718 1343 -100
718 1770 -100
719 1470 -100
719 1518 -100
719 1627 -100
719 1722 100
720 747 -100
720 773 -100
720 842 -44
721 892 -100
721 1104 -100
721 1614 -100
721 1656 -100
722 842 -44
722 969 -100
723 1336 -100
723 1338 -100
723 1806 -100
724 730 -100
724 810 -100
724 842 100
724 925 100
724 1304 -100
724 1335 100
725 842 -44
725 1289 -100
725 1477 -100
726 1560 -100
727 1029 -100
727 1273 -100
727 1737 -100
728 869 -100
728 971 -100
728 1384 -100
728 1781 -100
729 1232 -100
729 1403 -100
729 1433 -100
729 1782 -100
730 799 -100
730 842 100
730 1188 -100
731 934 -100
732 1193 -100
732 1791 -100
733 842 100
733 845 -100
733 1128 -100
733 1149 -100
733 1498 -100
733 1723 -100
733 1835 -100
734 895 -100
734 1161 -100
734 1192 -100
734 1510 -100
735 842 100
735 967 -100
735 1048 -100
735 1240 -100
735 1257 -100
735 1377 -100
736 842 -44
737 940 -100
737 1673 -100
737 1780 -100
738 829 -100
738 842 100
738 1599 -100
739 776 -100
739 842 100
739 1438 -100
739 1705 -100
740 823 -100
740 842 -44
740 1514 -100
741 842 -44
741 1065 -100
741 1187 -100
741 1301 -100
742 1193 -100
742 1791 -100
743 823 -100
743 842 -44
743 1514 -100
744 842 -44
744 1348 -100
744 1825 -100
745 748 -100
745 842 100
745 1261 100
745 1438 100
745 1844 -100
746 798 -100
746 1147 -100
746 1485 -100
747 842 -44
747 872 -100
748 842 100
748 1186 -100
748 1640 -100
749 1097 -100
749 1344 -100
749 1420 -100
749 1469 -100
750 771 -100
750 842 100
750 1264 -100
751 842 -44
751 1505 -100
751 1772 -100
751 1822 -100
752 759 -100
752 1397 -100
752 1424 -100
752 1662 -100
752 1708 100
753 990 -100
754 842 100
754 1060 -100
754 1404 100
754 1709 100
754 1804 -100
755 859 -100
756 897 -100
756 1331 -100
756 1439 -100
756 1636 -100
757 842 -44
758 842 -44
758 1011 -100
758 1679 -100
759 1031 -100
759 1112 -100
760 842 100
760 891 -100
760 1022 -100
760 1320 -100
760 1623 -100
761 842 -44
761 1067 -100
762 842 100
762 1028 -100
762 1303 -100
762 1737 -100
763 842 100
763 1335 -100
763 1674 -100
763 1728 -100
763 1847 -100
764 842 -44
764 1318 -100
764 1432 -100
765 1388 -100
766 842 -44
766 1371 -100
766 1488 -100
766 1588 -100
767 842 -44
767 1750 -100
768 1242 -100
768 1403 -100
768 1433 -100
768 1782 -100
769 961 -100
769 1310 -100
769 1386 -100
769 1574 -100
770 1431 -100
770 1456 100
771 842 -44
771 878 -100
771 915 -100
771 1700 -100
772 842 100
772 996 -100
772 1109 -100
772 1185 -100
773 842 -44
773 872 -100
774 1566 -100
775 842 100
775 888 -100
775 1179 -100
775 1474 -100
776 842 100
776 1186 100
776 1244 -100
776 1305 -100
776 1325 100
776 1643 -100
777 842 100
777 1460 -100
777 1696 -100
778 842 -44
778 1847 -100
779 1016 -100
779 1103 -100
779 1418 -100
779 1523 -100
779 1839 -100
780 842 -44
780 1511 -100
780 1769 -100
781 842 100
781 1181 -100
781 1406 -100
782 842 100
782 1055 -100
782 1206 -100
782 1589 -100
783 842 -44
783 1194 -100
784 842 -44
784 920 -100
784 1100 -100
784 1298 -100
785 796 -100
785 1385 -100
785 1621 100
785 1821 -100
786 842 100
786 887 -100
786 1619 -100
786 1655 -100
787 1016 -100
787 1103 -100
787 1237 -100
787 1418 -100
787 1523 -100
788 1079 -100
788 1645 -100
788 1665 -100
789 1004 -100
789 1810 -100
789 1831 -100
790 869 -100
790 971 -100
790 1384 -100
790 1781 -100
791 986 100
791 1131 -100
791 1269 -100
791 1506 -100
792 842 -44
792 1639 -100
792 1836 -100
793 842 -44
793 1126 -100
793 1188 -100
793 1243 -100
794 1167 -100
794 1649 -100
794 1667 -100
795 842 100
795 1294 -100
795 1654 -100
796 859 -100
796 1539 -100
797 1309 -100
797 1430 -100
797 1591 -100
797 1708 -100
798 801 -100
798 970 -100
798 1115 -100
799 810 -100
799 842 100
799 1304 -100
799 1728 100
800 842 -44
800 1459 -100
800 1808 -100
801 1147 -100
801 1485 -100
802 959 -100
802 997 -100
802 1718 -100
802 1850 -100
803 842 100
803 966 -100
803 1372 -100
803 1630 -100
804 904 -100
804 1009 -100
804 1182 -100
804 1425 -100
805 905 -100
805 1023 -100
805 1541 -100
806 884 100
806 1550 -100
806 1716 -100
806 1746 -100
807 840 -100
807 1849 -100
808 842 -44
808 1068 -100
808 1129 -100
808 1802 -100
809 1380 -100
809 1698 -100
810 842 100
810 888 -100
810 1243 -100
811 1097 -100
811 1344 -100
811 1420 -100
811 1469 -100
812 842 100
812 867 -100
812 925 -100
812 1551 -100
812 1727 -100
813 1774 -100
814 972 -100
814 987 -100
814 1733 100
815 842 100
815 1422 -100
815 1442 100
816 820 100
816 957 -100
816 991 -100
816 1023 100
817 903 -100
817 1165 -100
817 1278 -100
818 1262 -100
818 1391 -100
819 1079 -100
819 1645 -100
819 1665 -100
820 1061 -100
820 1830 -100
820 1843 100
821 1130 -100
821 1231 -100
821 1555 -100
822 1176 -100
822 1636 100
822 1733 -100
823 842 -44
824 1752 -100
825 972 -100
825 994 -100
825 1045 -100
825 1611 -100
826 1207 -100
826 1256 -100
826 1346 -100
826 1544 -100
827 839 -100
827 842 100
827 1218 -100
827 1417 -100
827 1670 -100
828 1036 -100
828 1547 -100
829 842 100
829 1251 -100
829 1314 -100
830 842 -44
830 1163 -100
830 1353 -100
830 1445 -100
831 842 -44
831 1350 -100
831 1660 -100
832 842 100
832 1098 -100
832 1139 -100
832 1368 -100
832 1372 -100
833 897 -100
833 1439 -100
833 1636 -100
834 1319 -100
834 1710 -100
835 842 100
835 870 -100
835 1169 -100
835 1753 -100
836 842 100
836 1218 -100
836 1299 -100
836 1324 100
836 1488 -100
836 1682 -100
836 1754 -100
837 842 -44
837 1668 -100
838 956 -100
838 1217 -100
839 842 100
839 1027 -100
839 1140 -100
840 858 -100
840 1730 -100
841 861 -100
841 1152 -100
841 1344 -100
841 1482 -100
841 1816 -100
842 843 100
842 844 100
842 845 100
842 846 100
842 847 -44
842 848 -44
842 849 -44
842 850 100
842 851 -44
842 852 -44
842 855 100
842 862 100
842 863 100
842 865 -44
842 867 100
842 868 -44
842 870 100
842 871 100
842 872 -44
842 875 -44
842 878 -44
842 879 -44
842 883 -44
842 884 100
842 885 100
842 886 100
842 887 100
842 888 100
842 890 100
842 891 100
842 893 100
842 894 -44
842 896 100
842 898 -44
842 899 100
842 907 100
842 909 -44
842 910 -44
842 911 100
842 913 -44
842 915 -44
842 916 -44
842 917 -44
842 918 -44
842 919 100
842 920 -44
842 923 100
842 924 -44
842 925 100
842 926 100
842 927 100
842 928 100
842 929 100
842 930 100
842 932 100
842 933 100
842 937 -44
842 939 100
842 944 -44
842 947 -44
842 948 -44
842 951 100
842 954 -44
842 955 -44
842 960 100
842 964 -44
842 965 100
842 966 100
842 967 100
842 969 -44
842 975 -44
842 980 100
842 981 -44
842 984 -44
842 988 100
842 989 -44
842 996 100
842 997 -44
842 1005 -44
842 1006 -44
842 1010 100
842 1011 -44
842 1014 100
842 1015 100
842 1022 100
842 1026 100
842 1027 100
842 1028 100
842 1029 -44
842 1030 100
842 1034 100
842 1035 100
842 1039 -44
842 1040 -44
842 1041 100
842 1042 100
842 1044 -44
842 1046 -44
842 1048 100
842 1053 -44
842 1055 100
842 1060 100
842 1061 -44
842 1062 100
842 1063 100
842 1064 -44
842 1065 100
842 1066 -44
842 1067 -44
842 1068 -44
842 1070 -44
842 1073 100
842 1075 -44
842 1078 -44
842 1080 100
842 1089 -44
842 1090 100
842 1098 100
842 1099 -44
842 1100 -44
842 1101 100
842 1105 -44
842 1107 100
842 1108 100
842 1109 100
842 1117 100
842 1119 -44
842 1121 -44
842 1122 100
842 1124 100
842 1126 -44
842 1128 100
842 1129 -44
842 1132 100
842 1133 -44
842 1135 100
842 1136 100
842 1139 -44
842 1140 100
842 1143 100
842 1144 -44
842 1145 100
842 1146 100
842 1148 100
842 1149 100
842 1151 100
842 1153 -44
842 1154 100
842 1157 100
842 1158 100
842 1159 100
842 1163 -44
842 1164 100
842 1166 100
842 1169 100
842 1171 -44
842 1172 -44
842 1173 100
842 1174 -44
842 1179 100
842 1180 -44
842 1181 100
842 1183 100
842 1185 -44
842 1186 100
842 1187 -44
842 1188 -44
842 1194 -44
842 1196 100
842 1197 100
842 1200 100
842 1202 100
842 1203 100
842 1205 -44
842 1206 100
842 1208 -44
842 1210 -44
842 1211 -44
842 1212 100
842 1213 -44
842 1214 -44
842 1218 100
842 1222 100
842 1223 100
842 1225 100
842 1228 -44
842 1229 100
842 1231 100
842 1233 -44
842 1236 100
842 1240 -44
842 1243 -44
842 1244 100
842 1245 -44
842 1249 100
842 1250 100
842 1251 100
842 1257 100
842 1260 -44
842 1261 100
842 1264 100
842 1265 100
842 1266 100
842 1267 -44
842 1272 -44
842 1274 -44
842 1275 -44
842 1279 -44
842 1280 100
842 1282 100
842 1284 -44
842 1285 100
842 1286 100
842 1289 100
842 1291 100
842 1293 100
842 1294 100
842 1295 100
842 1296 100
842 1297 -44
842 1298 -44
842 1299 100
842 1301 -44
842 1303 100
842 1304 100
842 1305 100
842 1306 100
842 1308 -44
842 1312 100
842 1313 -44
842 1314 100
842 1315 -44
842 1316 -44
842 1318 -44
842 1320 100
842 1322 -44
842 1324 100
842 1325 100
842 1327 100
842 1329 100
842 1333 -44
842 1334 -44
842 1335 100
842 1337 100
842 1343 100
842 1348 -44
842 1350 -44
842 1352 100
842 1353 -44
842 1354 -44
842 1357 100
842 1358 100
842 1363 100
842 1364 -44
842 1367 100
842 1368 100
842 1369 -44
842 1370 100
842 1371 -44
842 1372 100
842 1376 -44
842 1377 100
842 1378 -44
842 1379 -44
842 1381 100
842 1390 100
842 1391 100
842 1392 100
842 1393 100
842 1396 -44
842 1398 -44
842 1401 -44
842 1404 100
842 1405 100
842 1406 100
842 1409 100
842 1410 -44
842 1412 -44
842 1414 100
842 1415 100
842 1417 100
842 1421 100
842 1422 100
842 1423 100
842 1426 -44
842 1427 100
842 1429 100
842 1432 -44
842 1435 -44
842 1437 -44
842 1438 100
842 1441 -44
842 1442 100
842 1443 -44
842 1445 -44
842 1447 -44
842 1448 -44
842 1451 100
842 1458 100
842 1459 -44
842 1460 100
842 1461 100
842 1462 100
842 1463 100
842 1464 -44
842 1466 -44
842 1467 100
842 1468 100
842 1474 100
842 1475 100
842 1476 -44
842 1477 -44
842 1480 100
842 1481 100
842 1484 100
842 1486 -44
842 1487 100
842 1488 100
842 1489 -44
842 1490 100
842 1491 100
842 1492 -44
842 1494 -44
842 1495 100
842 1496 -44
842 1497 100
842 1498 -44
842 1500 -44
842 1501 -44
842 1502 100
842 1505 -44
842 1509 100
842 1511 100
842 1512 -44
842 1513 100
842 1514 -44
842 1515 -44
842 1517 -44
842 1519 100
842 1520 100
842 1521 100
842 1524 -44
842 1525 100
842 1527 -44
842 1529 100
842 1530 -44
842 1532 -44
842 1533 100
842 1536 -44
842 1537 100
842 1540 100
842 1542 -44
842 1548 -44
842 1551 100
842 1553 -44
842 1556 100
842 1557 -44
842 1559 -44
842 1562 100
842 1565 -44
842 1567 100
842 1569 100
842 1578 100
842 1579 -44
842 1580 100
842 1581 -44
842 1585 -44
842 1588 -44
842 1589 100
842 1590 -44
842 1592 100
842 1594 100
842 1595 -44
842 1596 -44
842 1597 -44
842 1598 -44
842 1599 -44
842 1603 -44
842 1605 100
842 1613 -44
842 1615 -44
842 1616 100
842 1617 -44
842 1619 -44
842 1620 100
842 1622 -44
842 1623 -44
842 1624 100
842 1625 100
842 1626 100
842 1629 -44
842 1630 100
842 1631 100
842 1633 100
842 1635 -44
842 1639 -44
842 1640 100
842 1641 -44
842 1642 100
842 1643 100
842 1648 -44
842 1651 -44
842 1652 100
842 1653 100
842 1654 100
842 1655 100
842 1658 -44
842 1659 100
842 1660 -44
842 1663 100
842 1664 -44
842 1666 -44
842 1668 -44
842 1669 100
842 1670 100
842 1671 100
842 1674 100
842 1676 100
842 1677 -44
842 1678 -44
842 1679 -44
842 1681 -44
842 1682 100
842 1683 100
842 1684 -44
842 1685 -44
842 1687 100
842 1688 100
842 1689 100
842 1691 100
842 1692 -44
842 1694 100
842 1695 -44
842 1696 100
842 1700 -44
842 1702 -44
842 1703 100
842 1704 100
842 1705 100
842 1706 -44
842 1707 100
842 1709 100
842 1712 -44
842 1715 100
842 1719 -44
842 1720 -44
842 1721 -44
842 1723 100
842 1724 100
842 1725 100
842 1727 -44
842 1728 100
842 1729 100
842 1734 -44
842 1737 100
842 1738 -44
842 1739 100
842 1740 100
842 1741 100
842 1743 -44
842 1744 -44
842 1745 100
842 1748 100
842 1750 -44
842 1751 100
842 1753 -44
842 1754 100
842 1756 -44
842 1758 100
842 1763 100
842 1765 -44
842 1769 -44
842 1772 -44
842 1773 100
842 1776 -44
842 1777 100
842 1778 -44
842 1784 100
842 1786 -44
842 1788 100
842 1790 -44
842 1792 -44
842 1793 -44
842 1795 -44
842 1796 -44
842 1802 -44
842 1803 100
842 1804 100
842 1805 -44
842 1808 -44
842 1809 -44
842 1812 -44
842 1814 -44
842 1817 -44
842 1818 100
842 1819 100
842 1820 100
842 1822 -44
842 1824 -44
842 1825 -44
842 1827 -44
842 1828 100
842 1829 -44
842 1832 -44
842 1833 100
842 1835 100
842 1836 -44
842 1841 100
842 1842 100
842 1844 100
842 1846 -44
842 1847 -44
842 1848 100
842 1851 -44
842 1852 -44
843 1113 -100
843 1481 -100
843 1594 -100
843 1635 -100
843 1826 -100
844 1183 -100
844 1463 -100
844 1481 -100
844 1739 -100
845 1265 -100
845 1423 -100
845 1529 -100
846 930 -100
846 1158 -100
846 1487 -100
847 1750 -100
848 1548 -100
849 955 -100
849 1245 -100
849 1598 -100
849 1622 -100
850 1146 100
850 1148 -100
850 1282 -100
850 1484 -100
851 917 -100
851 1040 -100
851 1592 -100
852 1006 -100
852 1075 -100
852 1095 -100
852 1637 -100
853 990 -100
854 953 -100
854 1291 -100
854 1374 -100
855 870 -100
855 1169 -100
856 860 -100
856 977 -100
856 1134 -100
856 1650 -100
857 1388 -100
858 1849 -100
859 1801 -100
860 1794 -100
861 1330 -100
861 1774 100
862 1249 -100
862 1327 -100
862 1390 -100
863 888 -100
863 1179 -100
863 1474 -100
864 1058 -100
864 1224 -100
864 1602 -100
865 1681 -100
865 1720 -100
866 1008 -100
866 1224 -100
867 1511 -100
867 1663 -100
868 1668 -100
869 880 -100
869 1033 -100
869 1840 -100
870 1042 -100
870 1703 100
870 1707 -100
871 1061 -100
871 1820 -100
873 973 -100
873 1094 -100
873 1429 -100
874 993 -100
874 1347 -100
874 1789 -100
875 1067 -100
875 1567 -100
876 1779 -100
877 1324 -100
877 1374 -100
877 1575 -100
880 971 -100
880 1384 -100
880 1781 -100
881 912 100
881 1454 -100
881 1701 -100
882 905 -100
882 1032 -100
882 1212 -100
882 1693 -100
883 1585 -100
884 908 -100
884 949 -100
884 1281 -100
884 1457 -100
884 1502 -100
885 1212 -100
885 1458 -100
886 1101 100
886 1474 -100
887 1062 -100
887 1143 -100
887 1723 -100
888 1491 -100
889 1403 -100
889 1433 -100
889 1782 -100
890 1352 -100
890 1460 -100
890 1696 -100
891 1015 -100
891 1101 -100
891 1173 -100
892 1142 -100
893 1203 -100
893 1580 100
893 1819 -100
894 947 -100
894 1596 -100
895 1077 -100
895 1268 -100
896 1014 -100
896 1652 -100
897 1270 -100
897 1360 -100
898 1793 -100
899 1117 -100
899 1461 -100
899 1487 -100
899 1513 -100
899 1702 -100
900 1759 -100
901 1232 -100
901 1242 -100
901 1531 -100
902 914 -100
903 1428 -100
903 1628 -100
904 1252 -100
904 1262 -100
904 1302 -100
905 1111 -100
905 1336 -100
905 1766 100
906 1604 -100
907 1286 -100
907 1324 -100
908 935 -100
908 1059 -100
908 1287 -100
909 933 -100
909 1121 -100
909 1144 -100
909 1180 -100
910 1267 -100
910 1832 -100
911 951 -100
911 1146 100
911 1729 -100
912 1131 -100
912 1269 -100
912 1506 -100
913 1316 -100
913 1557 -100
913 1641 -100
914 1522 -100
914 1528 -100
915 1081 -100
915 1759 -100
916 1750 -100
917 1233 -100
917 1524 -100
917 1702 -100
919 1392 -100
919 1393 -100
919 1624 -100
919 1728 100
920 1061 -100
920 1333 -100
920 1684 -100
921 1049 -100
921 1317 -100
922 1150 -100
923 1203 -100
923 1414 -100
923 1540 100
923 1819 -100
924 1041 -100
924 1275 -100
924 1734 -100
925 1511 -100
925 1663 -100
926 1312 -100
926 1495 -100
926 1525 -100
927 967 -100
927 1101 -100
927 1280 -100
927 1312 100
927 1363 -100
927 1533 -100
928 1128 -100
928 1149 -100
928 1223 -100
928 1376 -100
928 1723 -100
928 1835 -100
929 1229 -100
929 1343 100
929 1729 -100
930 960 -100
930 1542 -100
931 961 100
931 1234 -100
931 1349 -100
931 1504 -100
932 1835 -100
933 1367 -100
933 1405 -100
933 1709 -100
933 1828 -100
934 1204 -100
934 1662 -100
934 1767 -100
935 949 -100
935 1281 -100
935 1457 -100
936 962 -100
936 1074 -100
936 1195 -100
936 1534 -100
937 1639 -100
937 1836 -100
938 1779 -100
939 1502 -100
939 1641 -100
940 1217 -100
940 1277 -100
940 1413 -100
941 1076 100
941 1454 -100
941 1701 -100
941 1761 -100
942 1138 -100
942 1155 -100
942 1372 -100
942 1503 -100
942 1699 -100
943 1113 -100
944 1369 -100
944 1412 -100
944 1443 -100
944 1466 -100
945 983 -100
945 1054 -100
945 1558 -100
946 1343 -100
946 1770 -100
947 1410 -100
948 1426 -100
948 1527 -100
948 1685 -100
949 1059 -100
949 1287 -100
950 956 -100
950 1217 -100
951 1063 -100
951 1261 -100
951 1264 100
953 976 -100
954 981 -100
954 997 -100
954 1172 -100
954 1676 -100
955 1851 -100
956 1609 -100
956 1673 -100
957 995 -100
957 1328 -100
957 1766 -100
958 1012 -100
958 1120 -100
959 1735 -100
960 965 -100
960 1117 -100
960 1158 -100
961 1043 -100
961 1247 100
961 1507 -100
962 1059 100
962 1716 -100
962 1746 -100
963 971 -100
963 982 -100
963 1332 -100
964 1529 -100
964 1581 -100
965 1169 100
965 1306 -100
965 1616 -100
965 1633 -100
966 1519 -100
967 1041 -100
967 1145 -100
968 1382 -100
969 1664 -100
970 1047 -100
970 1147 -100
970 1485 -100
971 1033 -100
972 1191 100
972 1762 -100
972 1813 -100
973 1387 -100
974 1221 -100
974 1241 -100
974 1711 -100
975 1776 -100
975 1814 -100
976 1291 -100
976 1324 -100
977 1794 -100
978 1604 -100
979 1411 -100
979 1439 -100
979 1843 -100
980 1017 -100
980 1164 -100
980 1285 -100
980 1432 -100
981 989 -100
981 1313 -100
982 1074 -100
982 1363 -100
982 1840 -100
983 1127 -100
983 1156 -100
983 1292 -100
984 1133 -100
984 1542 -100
984 1812 -100
985 1276 -100
985 1483 -100
985 1747 -100
986 1454 -100
986 1701 -100
987 1345 -100
987 1365 -100
987 1764 -100
987 1770 -100
988 1540 -100
988 1580 -100
988 1739 -100
989 997 -100
989 1172 -100
990 1549 -100
991 995 -100
991 1051 -100
991 1328 -100
991 1766 -100
992 1675 -100
993 1454 -100
993 1701 -100
994 1365 -100
994 1762 -100
994 1813 -100
995 1749 100
996 1034 -100
996 1820 100
997 1004 100
997 1220 -100
997 1313 -100
998 1003 -100
998 1742 -100
999 1114 100
999 1550 -100
1000 1255 -100
1000 1440 -100
1001 1198 -100
1001 1800 -100
1001 1805 -100
1002 1025 -100
1002 1047 -100
1002 1608 -100
1002 1774 -100
1003 1570 -100
1004 1246 -100
1004 1539 100
1004 1699 -100
1005 1322 -100
1006 1039 -100
1006 1489 -100
1006 1579 -100
1007 1226 -100
1007 1400 -100
1007 1755 -100
1007 1783 -100
1008 1201 -100
1008 1478 -100
1008 1479 -100
1009 1252 -100
1009 1302 -100
1010 1181 -100
1010 1391 -100
1010 1464 -100
1011 1070 -100
1011 1171 -100
1011 1284 -100
1012 1037 -100
1013 1558 -100
1013 1774 -100
1014 1048 100
1014 1687 100
1015 1022 -100
1015 1320 -100
1016 1088 -100
1017 1634 -100
1018 1160 -100
1018 1411 -100
1019 1085 -100
1019 1672 -100
1019 1701 -100
1019 1837 -100
1020 1319 -100
1020 1710 -100
1021 1258 -100
1022 1130 -100
1022 1173 -100
1022 1231 -100
1022 1533 -100
1022 1555 -100
1023 1111 -100
1023 1336 -100
1024 1074 -100
1024 1195 -100
1024 1307 -100
1024 1534 -100
1025 1115 -100
1025 1552 -100
1025 1815 -100
1026 1294 -100
1026 1654 -100
1026 1784 100
1027 1299 -100
1027 1488 -100
1027 1682 -100
1027 1754 -100
1028 1530 -100
1029 1290 -100
1029 1339 -100
1029 1379 -100
1029 1635 -100
1029 1661 -100
1029 1744 -100
1029 1796 -100
1030 1164 -100
1030 1285 -100
1031 1397 -100
1031 1424 -100
1031 1430 100
1031 1662 -100
1032 1342 -100
1032 1584 -100
1033 1384 -100
1033 1781 -100
1034 1109 -100
1034 1391 100
1034 1536 -100
1035 1325 -100
1035 1475 -100
1035 1652 100
1036 1263 -100
1036 1361 -100
1036 1775 -100
1037 1120 -100
1037 1176 -100
1038 1071 -100
1038 1575 -100
1038 1834 -100
1039 1075 -100
1040 1233 -100
1040 1524 -100
1040 1702 -100
1041 1048 -100
1041 1257 -100
1041 1377 -100
1042 1169 -100
1043 1310 -100
1043 1386 -100
1043 1574 -100
1043 1621 100
1044 1279 -100
1045 1275 100
1045 1345 -100
1045 1762 -100
1045 1813 -100
1046 1334 -100
1046 1829 -100
1047 1552 -100
1047 1815 -100
1048 1145 -100
1048 1293 -100
1049 1457 -100
1049 1726 -100
1050 1394 -100
1050 1584 -100
1050 1732 -100
1051 1167 -100
1051 1649 -100
1051 1667 -100
1052 1560 -100
1053 1776 -100
1053 1814 -100
1054 1127 -100
1054 1156 -100
1055 1337 -100
1055 1462 -100
1055 1497 -100
1055 1773 -100
1056 1331 -100
1057 1215 -100
1057 1400 -100
1057 1543 -100
1057 1783 -100
1058 1478 -100
1058 1534 100
1059 1281 -100
1059 1431 100
1059 1457 -100
1060 1122 -100
1060 1548 -100
1061 1100 -100
1061 1298 -100
1061 1399 -100
1061 1749 -100
1062 1655 -100
1063 1229 -100
1063 1745 -100
1063 1748 100
1064 1139 -100
1065 1751 -100
1066 1681 -100
1066 1720 -100
1067 1205 -100
1067 1805 -100
1068 1364 -100
1069 1449 -100
1069 1591 -100
1070 1679 -100
1071 1383 -100
1072 1113 -100
1073 1286 100
1073 1299 -100
1073 1488 -100
1073 1670 -100
1073 1682 -100
1073 1754 -100
1074 1550 -100
1074 1602 100
1074 1647 -100
1075 1489 -100
1075 1579 -100
1076 1131 -100
1076 1269 -100
1076 1506 -100
1077 1431 -100
1077 1503 100
1078 1279 -100
1079 1191 -100
1079 1408 -100
1079 1499 100
1080 1128 -100
1080 1319 -100
1080 1710 -100
1080 1820 -100
1081 1456 -100
1081 1503 -100
1082 1389 -100
1082 1823 -100
1083 1234 -100
1083 1349 -100
1083 1504 -100
1083 1574 100
1084 1400 -100
1084 1561 -100
1084 1783 -100
1085 1283 -100
1085 1416 -100
1086 1499 -100
1086 1606 -100
1086 1771 -100
1087 1471 -100
1087 1535 -100
1087 1612 -100
1087 1768 -100
1088 1103 -100
1088 1402 -100
1088 1418 -100
1088 1523 -100
1089 1187 -100
1089 1301 -100
1090 1521 -100
1090 1687 -100
1090 1689 100
1091 1168 -100
1091 1177 -100
1092 1247 -100
1092 1446 -100
1092 1787 -100
1093 1321 -100
1093 1675 -100
1094 1387 -100
1095 1434 -100
1095 1607 -100
1096 1130 -100
1096 1231 -100
1096 1347 -100
1096 1555 -100
1097 1407 -100
1098 1282 100
1098 1451 -100
1098 1519 -100
1098 1841 -100
1099 1548 -100
1100 1333 -100
1100 1684 -100
1101 1166 -100
1101 1293 -100
1102 1380 -100
1102 1698 -100
1104 1142 -100
1105 1251 -100
1105 1267 -100
1105 1832 -100
1106 1262 -100
1106 1270 -100
1106 1391 -100
1106 1749 100
1107 1729 -100
1107 1745 -100
1108 1427 -100
1108 1442 100
1108 1671 -100
1108 1763 -100
1110 1198 -100
1110 1800 -100
1110 1805 -100
1112 1150 100
1112 1397 -100
1112 1424 -100
1112 1662 -100
1114 1686 -100
1115 1147 -100
1115 1485 -100
1116 1752 -100
1117 1592 -100
1118 1572 -100
1119 1334 -100
1119 1829 -100
1121 1315 -100
1121 1719 -100
1121 1827 -100
1122 1367 100
1122 1804 -100
1123 1675 -100
1124 1264 -100
1125 1456 -100
1125 1503 -100
1126 1304 -100
1126 1515 -100
1127 1558 -100
1128 1381 -100
1128 1655 -100
1129 1364 -100
1130 1757 -100
1131 1248 -100
1132 1183 -100
1132 1463 -100
1132 1746 -100
1133 1790 -100
1134 1794 -100
1135 1415 -100
1136 1202 -100
1136 1225 100
1136 1490 -100
1137 1436 -100
1138 1831 -100
1140 1218 -100
1140 1417 -100
1140 1670 -100
1141 1248 -100
1142 1614 -100
1142 1656 -100
1142 1830 -100
1143 1559 -100
1143 1655 -100
1144 1315 -100
1144 1719 -100
1144 1827 -100
1145 1213 -100
1145 1257 -100
1145 1377 -100
1146 1605 -100
1148 1296 -100
1148 1390 100
1148 1631 -100
1149 1381 -100
1149 1421 -100
1150 1800 -100
1151 1335 -100
1151 1674 -100
1151 1728 -100
1152 1330 -100
1153 1299 -100
1153 1371 -100
1153 1588 -100
1154 1429 -100
1154 1691 -100
1154 1696 -100
1154 1818 -100
1154 1842 -100
1155 1747 -100
1155 1831 -100
1156 1558 -100
1157 1164 -100
1157 1285 -100
1158 1689 -100
1159 1264 -100
1160 1262 -100
1160 1391 -100
1160 1399 100
1161 1453 -100
1161 1472 -100
1161 1608 -100
1161 1638 -100
1161 1710 -100
1162 1243 -100
1162 1268 -100
1162 1760 -100
1163 1376 -100
1163 1498 -100
1164 1671 -100
1164 1751 -100
1165 1428 -100
1165 1628 -100
1166 1280 -100
1166 1363 -100
1166 1377 -100
1166 1533 -100
1167 1209 -100
1168 1216 -100
1169 1707 -100
1170 1343 -100
1170 1770 -100
1171 1679 -100
1172 1313 -100
1173 1320 -100
1173 1809 -100
1174 1585 -100
1175 1389 -100
1175 1823 -100
1176 1340 -100
1176 1345 100
1177 1216 -100
1177 1644 -100
1178 1331 -100
1179 1304 -100
1179 1741 -100
1180 1315 -100
1180 1719 -100
1180 1827 -100
1182 1252 -100
1182 1302 -100
1183 1688 -100
1184 1300 -100
1184 1632 -100
1186 1844 -100
1187 1658 -100
1187 1721 -100
1188 1247 -100
1188 1446 -100
1188 1515 -100
1188 1787 -100
1189 1235 -100
1189 1351 -100
1189 1356 -100
1189 1789 -100
1190 1193 -100
1190 1215 -100
1190 1226 -100
1190 1452 -100
1191 1237 -100
1191 1402 -100
1191 1465 -100
1191 1839 -100
1193 1355 -100
1193 1807 -100
1194 1396 -100
1194 1517 -100
1195 1550 -100
1195 1647 -100
1196 1286 -100
1196 1337 -100
1196 1358 -100
1196 1562 -100
1196 1758 -100
1197 1333 -100
1197 1820 -100
1198 1697 -100
1198 1783 100
1199 1226 100
1199 1431 100
1199 1799 -100
1200 1423 -100
1200 1626 -100
1201 1224 -100
1202 1334 -100
1202 1689 -100
1203 1615 -100
1203 1694 -100
1205 1370 -100
1206 1462 -100
1206 1773 -100
1207 1470 -100
1207 1518 -100
1208 1595 -100
1208 1631 -100
1208 1738 -100
1208 1824 -100
1209 1649 -100
1209 1667 -100
1210 1615 -100
1210 1651 -100
1210 1695 -100
1211 1505 -100
1211 1772 -100
1211 1822 -100
1212 1236 -100
1212 1342 -100
1212 1642 -100
1212 1696 -100
1212 1732 -100
1212 1740 -100
1213 1275 -100
1213 1734 -100
1214 1350 -100
1214 1660 -100
1215 1362 100
1215 1587 -100
1217 1609 -100
1219 1288 -100
1219 1554 -100
1220 1601 -100
1220 1662 -100
1221 1388 -100
1221 1618 -100
1221 1798 -100
1222 1406 -100
1223 1265 -100
1223 1529 -100
1223 1626 -100
1224 1479 -100
1225 1266 -100
1225 1521 -100
1226 1587 -100
1227 1321 -100
1228 1505 -100
1228 1772 -100
1228 1822 -100
1229 1261 -100
1230 1258 -100
1231 1352 -100
1231 1423 -100
1231 1626 -100
1231 1757 -100
1232 1838 -100
1234 1610 -100
1234 1737 -100
1236 1458 -100
1236 1720 -100
1237 1275 -100
1237 1450 -100
1238 1650 -100
1238 1811 -100
1239 1499 -100
1239 1771 -100
1240 1275 -100
1240 1734 -100
1241 1618 -100
1241 1798 -100
1242 1838 -100
1243 1431 -100
1243 1515 -100
1244 1438 -100
1244 1565 -100
1244 1705 -100
1245 1851 -100
1246 1810 -100
1247 1644 -100
1248 1473 -100
1248 1736 -100
1249 1487 -100
1249 1676 -100
1250 1286 -100
1250 1324 -100
1250 1808 -100
1252 1425 -100
1253 1321 -100
1254 1566 -100
1255 1701 -100
1256 1627 -100
1256 1680 -100
1257 1652 100
1258 1576 -100
1259 1288 -100
1259 1554 -100
1260 1486 -100
1260 1842 -100
1261 1745 -100
1262 1843 -100
1263 1572 -100
1264 1653 100
1265 1792 -100
1266 1325 -100
1267 1599 -100
1270 1411 -100
1271 1276 -100
1271 1483 -100
1271 1747 -100
1272 1532 -100
1273 1290 -100
1273 1339 -100
1273 1504 -100
1273 1661 -100
1274 1793 -100
1275 1402 -100
1275 1465 -100
1275 1839 -100
1276 1372 -100
1277 1342 -100
1277 1518 100
1277 1673 -100
1277 1780 -100
1278 1432 -100
1278 1450 -100
1278 1563 -100
1279 1669 -100
1280 1293 -100
1280 1320 -100
1280 1741 100
1281 1287 -100
1281 1317 -100
1282 1296 -100
1282 1327 100
1282 1631 -100
1283 1572 100
1283 1672 -100
1283 1837 -100
1284 1679 -100
1285 1427 -100
1286 1715 -100
1287 1457 -100
1288 1366 -100
1289 1312 -100
1289 1495 -100
1289 1525 -100
1290 1737 -100
1291 1405 -100
1292 1774 -100
1293 1363 -100
1293 1495 100
1293 1533 -100
1294 1442 -100
1294 1725 -100
1295 1306 -100
1295 1616 -100
1295 1633 -100
1296 1343 100
1296 1484 -100
1296 1500 -100
1297 1559 -100
1297 1619 -100
1298 1333 -100
1298 1684 -100
1299 1833 -100
1300 1714 -100
1301 1658 -100
1301 1721 -100
1302 1425 -100
1303 1447 -100
1305 1438 -100
1305 1705 -100
1306 1703 -100
1308 1615 -100
1308 1651 -100
1308 1695 -100
1310 1507 -100
1311 1351 -100
1311 1375 -100
1312 1520 -100
1314 1423 -100
1314 1460 -100
1314 1696 -100
1316 1329 -100
1317 1726 -100
1318 1354 -100
1318 1441 -100
1319 1493 -100
1321 1582 -100
1322 1448 -100
1322 1743 -100
1324 1556 -100
1324 1715 -100
1325 1578 100
1325 1687 -100
1326 1752 -100
1327 1513 -100
1327 1676 -100
1328 1399 100
1329 1502 -100
1330 1420 -100
1330 1482 -100
1330 1816 -100
1331 1583 -100
1332 1363 -100
1332 1446 -100
1332 1840 -100
1335 1409 100
1335 1467 -100
1335 1625 -100
1337 1556 -100
1338 1508 -100
1338 1541 -100
1338 1612 -100
1339 1737 -100
1340 1439 100
1340 1733 -100
1341 1453 -100
1341 1472 -100
1341 1608 -100
1341 1638 -100
1342 1693 -100
1343 1526 -100
1343 1605 -100
1344 1407 -100
1346 1627 -100
1346 1680 -100
1347 1761 -100
1349 1610 -100
1350 1417 -100
1352 1683 -100
1352 1724 -100
1353 1376 -100
1353 1498 -100
1354 1432 -100
1355 1791 -100
1356 1388 -100
1357 1405 -100
1357 1596 -100
1358 1532 -100
1358 1556 -100
1359 1419 -100
1360 1439 -100
1360 1636 -100
1361 1547 -100
1362 1799 -100
1363 1384 -100
1364 1802 -100
1366 1554 -100
1367 1509 -100
1367 1788 -100
1368 1451 -100
1368 1484 100
1368 1841 -100
1370 1497 -100
1370 1578 -100
1371 1401 -100
1371 1613 -100
1372 1451 -100
1372 1831 -100
1372 1841 -100
1373 1566 -100
1376 1445 -100
1378 1681 -100
1378 1720 -100
1379 1437 -100
1379 1492 -100
1381 1723 -100
1381 1835 -100
1382 1718 -100
1383 1575 -100
1383 1834 -100
1385 1539 -100
1386 1446 100
1386 1507 -100
1386 1610 100
1387 1429 -100
1387 1837 -100
1388 1538 -100
1389 1395 -100
1390 1461 -100
1390 1676 -100
1391 1414 -100
1391 1425 -100
1391 1843 -100
1392 1409 -100
1392 1562 -100
1392 1776 -100
1393 1409 -100
1393 1562 -100
1394 1577 -100
1394 1693 -100
1395 1823 -100
1396 1729 -100
1397 1735 -100
1398 1464 -100
1398 1597 -100
1399 1830 -100
1400 1805 100
1401 1588 -100
1401 1754 -100
1402 1432 -100
1403 1593 -100
1404 1659 -100
1406 1414 -100
1407 1420 -100
1407 1469 -100
1408 1645 -100
1408 1665 -100
1409 1556 -100
1409 1624 -100
1410 1596 -100
1413 1673 -100
1413 1780 -100
1416 1454 -100
1416 1672 -100
1416 1837 -100
1417 1833 -100
1419 1573 -100
1422 1748 -100
1422 1784 -100
1422 1825 -100
1423 1683 -100
1423 1724 -100
1426 1447 -100
1426 1530 -100
1427 1848 -100
1429 1620 -100
1429 1629 -100
1429 1653 -100
1431 1731 -100
1432 1441 -100
1433 1593 -100
1434 1637 -100
1435 1581 -100
1436 1543 -100
1436 1561 -100
1436 1755 -100
1437 1635 -100
1437 1744 -100
1437 1796 -100
1438 1643 -100
1442 1654 -100
1444 1449 -100
1444 1591 -100
1445 1498 -100
1446 1644 -100
1447 1527 -100
1447 1685 -100
1449 1568 -100
1450 1602 100
1452 1587 -100
1452 1713 100
1455 1564 -100
1455 1600 -100
1455 1666 -100
1456 1831 -100
1458 1460 -100
1458 1694 -100
1458 1740 -100
1459 1501 -100
1459 1512 -100
1459 1756 -100
1460 1653 -100
1461 1592 -100
1462 1589 -100
1463 1639 -100
1463 1688 -100
1464 1476 -100
1464 1765 -100
1464 1817 -100
1467 1674 -100
1467 1728 -100
1468 1721 -100
1468 1751 -100
1470 1516 -100
1472 1499 100
1472 1815 -100
1475 1521 -100
1476 1597 -100
1477 1553 -100
1478 1602 -100
1480 1481 -100
1480 1659 -100
1481 1737 -100
1484 1631 -100
1486 1629 -100
1486 1677 -100
1487 1592 -100
1488 1833 -100
1490 1689 -100
1490 1829 -100
1491 1533 100
1492 1635 -100
1492 1744 -100
1492 1796 -100
1493 1710 -100
1494 1769 -100
1495 1520 -100
1496 1753 -100
1497 1567 -100
1497 1569 -100
1500 1595 -100
1500 1738 -100
1500 1824 -100
1501 1808 -100
1502 1763 100
1502 1777 -100
1504 1610 -100
1505 1786 -100
1507 1574 -100
1507 1806 100
1509 1709 -100
1509 1827 -100
1509 1828 -100
1511 1551 -100
1512 1808 -100
1513 1592 -100
1516 1518 -100
1516 1680 -100
1519 1630 -100
1520 1525 -100
1526 1770 -100
1527 1530 -100
1530 1685 -100
1531 1593 -100
1531 1838 -100
1534 1550 -100
1534 1647 -100
1537 1684 -100
1537 1820 -100
1538 1826 -100
1539 1821 -100
1540 1688 -100
1542 1790 -100
1544 1627 -100
1544 1680 -100
1545 1759 -100
1546 1647 -100
1547 1775 -100
1551 1663 -100
1552 1638 -100
1555 1757 -100
1556 1758 -100
1557 1777 -100
1559 1795 -100
1560 1606 -100
1562 1624 -100
1562 1674 100
1563 1839 -100
1564 1611 -100
1564 1845 -100
1565 1603 -100
1565 1706 -100
1567 1578 -100
1568 1591 -100
1569 1578 -100
1569 1805 -100
1570 1742 -100
1571 1806 -100
1574 1787 100
1577 1584 -100
1577 1732 -100
1578 1589 -100
1581 1792 -100
1585 1778 -100
1586 1826 -100
1587 1791 -100
1588 1613 -100
1589 1758 -100
1589 1773 -100
1593 1675 100
1593 1782 -100
1594 1737 -100
1597 1765 -100
1597 1817 -100
1598 1851 -100
1599 1832 -100
1600 1611 -100
1600 1845 -100
1601 1735 -100
1607 1637 -100
1611 1666 -100
1613 1682 -100
1615 1666 -100
1616 1703 -100
1617 1623 -100
1617 1809 -100
1618 1711 -100
1619 1795 -100
1620 1691 -100
1620 1818 -100
1620 1842 -100
1622 1851 -100
1623 1692 -100
1624 1814 -100
1625 1674 -100
1625 1728 -100
1626 1683 -100
1626 1724 -100
1632 1714 -100
1632 1760 -100
1633 1679 -100
1633 1703 -100
1638 1771 100
1639 1712 -100
1640 1705 100
1640 1844 -100
1642 1669 -100
1642 1803 -100
1643 1705 -100
1644 1787 -100
1651 1666 -100
1651 1819 -100
1653 1691 -100
1653 1818 -100
1653 1842 -100
1654 1725 -100
1658 1704 -100
1660 1670 -100
1661 1737 -100
1666 1695 -100
1666 1845 -100
1669 1694 -100
1671 1848 -100
1677 1818 -100
1678 1847 -100
1682 1833 -100
1692 1809 -100
1694 1803 -100
1697 1800 -100
1697 1805 -100
1699 1810 -100
1704 1751 -100
1708 1826 -100
1709 1788 -100
1711 1798 -100
1712 1836 -100
1713 1799 -100
1717 1779 -100
1719 1788 -100
1725 1748 100
1725 1848 100
1727 1769 -100
1730 1849 -100
1737 1796 -100
1749 1830 -100
1754 1833 -100
1756 1808 -100
1762 1845 -100
1763 1848 -100
1772 1786 -100
1773 1851 -100
1783 1834 100
1785 1826 -100
1786 1822 -100
1788 1828 -100
1790 1812 -100
1791 1807 -100
1793 1852 -100
1794 1811 -100
